50 50
25
[-6.  9. -3.] 0 (0.4694212688372954, 0.8893242319591632, 0.8415592838091974) 0 0.3820537046192167 1 
[-5.  1. -8.] 2 (0.153848514348631, 0.9679731509194861, 0.6411518002838013) 0 0.37661224022690487 1 
[ 7.  8. -2.] 3 (0.34201323509316695, 0.8726289991488589, 0.14752516764028178) 0 0.8611921288183523 1 
[ 1. -3.  5.] 1 (0.6358361847019414, 0.31511546419934566, 0.7647595305243226) 0 0.36513732763783713 1 
[ 3.  9. -9.] 1 (0.18843578452030507, 0.6361219583040172, 0.6959469023777966) 0 0.8273239679392338 1 
[ 9.  9. -7.] 3 (0.8306585697869624, 0.10917946759316277, 0.06331233671919356) 0 0.23997947623440685 1 
[3. 6. 8.] 1 (0.5511750266419845, 0.039518771358235116, 0.6385100540527582) 0 0.2735121828498973 1 
[ 4. -3.  4.] 0 (0.2531865770540468, 0.3750004585136748, 0.42017272933462524) 0 0.7508819143957434 1 
[-9. -5.  6.] 1 (0.21143120416349137, 0.31957466843547433, 0.03235312730368267) 0 0.9001603397369734 1 
[-10.   2.  -3.] 3 (0.5041859696909697, 0.8313060247665679, 0.7092502830747719) 0 0.5782061964022359 1 
[-10.   7.   4.] 1 (0.33551558004268844, 0.46831249007221, 0.06101890757074235) 0 0.0637804355912438 1 
[-8.  3. -3.] 3 (0.9632847278839587, 0.15158851681780827, 0.08419215712130868) 0 0.7750715219533356 1 
[-4.  6.  2.] 1 (0.334185368704372, 0.6686852760172909, 0.9205666762768905) 0 0.13749231824002994 1 
[-5.  0. -5.] 0 (0.9490133548497175, 0.5971035840133558, 0.7134239213692114) 0 0.8177645073858658 1 
[4. 2. 9.] 0 (0.7113197191543786, 0.06317906907296433, 0.5612329339990703) 0 0.4978001104709756 1 
[ 9. -7.  4.] 1 (0.6597439959540167, 0.7046734873001874, 0.7482623212918572) 0 0.07805431506118399 1 
[ -7. -10.   8.] 0 (0.45900983749293833, 0.43045113193780915, 0.5107556030975269) 0 0.2511806308232244 1 
[-4.  5.  5.] 2 (0.2857604695070064, 0.9554275632926672, 0.8026349680947934) 0 0.24420471320441162 1 
[3. 4. 9.] 1 (0.27960947442064865, 0.5921024392978329, 0.7391531288923927) 0 0.13191512995680754 1 
[-5.  6. -3.] 3 (0.3108677933267989, 0.38937029233088283, 0.22107323957103142) 0 0.396357247089959 1 
[-9.  1.  7.] 4 (0.30650254371943, 0.21410914349121746, 0.6928866577791649) 0 0.13494152576626783 1 
[-5. -4.  1.] 3 (0.3029324063735962, 0.34342026540280857, 0.6084953939535638) 0 0.14090691431634017 1 
[-1.  9. -9.] 4 (0.04137108687565061, 0.8332893769737231, 0.2912118003597478) 0 0.8685921364612391 1 
[ 7.  3. -1.] 0 (0.14157457649477878, 0.05128313646038485, 0.12250445400713261) 0 0.8299052308690836 1 
[  5.  -9. -10.] 3 (0.28269134487088665, 0.17624613184360316, 0.8975868880475754) 0 0.35478506866160053 1 
2
[ 0. 10.  0.] 50
[ 0.  0. 50.] 100
0.007 0.023 0.34 0.007 0.023 0.34 0.007 0.023 0.34 0.007 0.023 0.34 0.007 0.023 0.34 0.007 0.023 0.34 0.007 0.023 0.34 0.007 0.023 0.34 0.007 0.023 0.34 0.007 0.023 0.34 0.007 0.023 0.34 0.007 0.023 0.34 0.007 0.023 0.34 0.007 0.023 0.34 0.007 0.023 0.34 0.007 0.023 0.34 0.007 0.023 0.34 0.007 0.023 0.34 0.007 0.023 0.34 0.005895280096841389 0.0007312475090693001 0.006776733070289533 0.006237601415765302 0.0008639989426889915 0.007154826045454348 0.009044038089242415 0.0010886178638936372 0.01040195531642407 0.007 0.023 0.34 0.007 0.023 0.34 0.007 0.023 0.34 0.007 0.023 0.34 0.007 0.023 0.34 0.007 0.023 0.34 0.007 0.023 0.34 0.007 0.023 0.34 0.007 0.023 0.34 0.007 0.023 0.34 0.007 0.023 0.34 0.007 0.023 0.34 0.007 0.023 0.34 0.007501626880798151 0.005289904980539172 0.016750926125844588 0.0066888133646708795 0.004779857252120534 0.014671962750934691 0.0060423288689329365 0.004344462125106479 0.013142714134379122 0.005452122079146242 0.003925219030223397 0.011837546583016948 0.00491240327704112 0.0035302988679432115 0.010692287839448244 0.016443935033305924 0.013352350444808531 0.029372771609476662 0.012775307416097947 0.011064713012688753 0.019928919053338903 0.0036409045082425964 0.0025819189742088 0.008069523720860136 0.0033502852501103232 0.002364255257806493 0.007473808402971922 0.003150925634039334 0.0022136994595305555 0.007070353907235323 0.003131094753225845 0.0021913962348219214 0.007060862232503836 0.007 0.023 0.34 0.007 0.023 0.34 0.007 0.023 0.34 0.007 0.023 0.34 0.007 0.023 0.34 0.007 0.023 0.34 0.007 0.023 0.34 0.007 0.023 0.34 0.007 0.023 0.34 0.007 0.023 0.34 0.007 0.023 0.34 0.007 0.023 0.34 0.007 0.023 0.34 0.007 0.023 0.34 0.007 0.023 0.34 0.007 0.023 0.34 0.007 0.023 0.34 0.007 0.023 0.34 0.007 0.023 0.34 0.007 0.023 0.34 0.007 0.023 0.34 0.007 0.023 0.34 0.0016819615861698178 0.00017709628752024862 0.0019388282828042536 0.021755401705507726 0.005425986082957758 0.024542683100526395 0.061330934692206365 0.005725819765576509 0.0708222175332679 0.06731786651460976 0.007489907656302185 0.07752995006262242 0.007 0.023 0.34 0.007 0.023 0.34 0.007 0.023 0.34 0.007 0.023 0.34 0.007 0.023 0.34 0.007 0.023 0.34 0.007 0.023 0.34 0.007 0.023 0.34 0.007 0.023 0.34 0.007 0.023 0.34 0.007 0.023 0.34 0.007 0.023 0.34 0.007 0.023 0.34 0.005920485465234365 0.004185839598148803 0.013174678999683128 0.0052117806088718115 0.0037126361822932084 0.011481120082042204 0.004615202270216334 0.003298691556881194 0.01012077760747751 0.004082849745759333 0.002919335197537921 0.008948603542023103 0.003605249305115822 0.002573867984274697 0.007918429217605627 0.018898804124191537 0.014521641303325209 0.03720385810486772 0.014468508313601308 0.011669010967693112 0.026175852118889946 0.01048243241558724 0.009338129557936593 0.015267843979370761 0.00221571173823057 0.0015615871701754943 0.004951224676258492 0.002013585168579018 0.00141460418049051 0.004518490690505392 0.001914665644109146 0.0013412279943722028 0.0043127503310546695 0.007 0.023 0.34 0.007 0.023 0.34 0.007 0.023 0.34 0.007 0.023 0.34 0.007 0.023 0.34 0.007 0.023 0.34 0.007 0.023 0.34 0.007 0.023 0.34 0.007 0.023 0.34 0.007 0.023 0.34 0.007 0.023 0.34 0.007 0.023 0.34 0.007 0.023 0.34 0.007 0.023 0.34 0.007 0.023 0.34 0.007 0.023 0.34 0.007 0.023 0.34 0.007 0.023 0.34 0.007 0.023 0.34 0.007 0.023 0.34 0.007 0.023 0.34 0.007 0.023 0.34 0.0 0.0 0.0 0.07939960711803387 0.006837724508233341 0.09178525459377881 0.1292038720980451 0.009456708281876423 0.14964361406591714 0.13679142830209762 0.010758981841968707 0.15830401033852373 0.007 0.023 0.34 0.007 0.023 0.34 0.007 0.023 0.34 0.007 0.023 0.34 0.007 0.023 0.34 0.007 0.023 0.34 0.007 0.023 0.34 0.007 0.023 0.34 0.007 0.023 0.34 0.007 0.023 0.34 0.007 0.023 0.34 0.007 0.023 0.34 0.005459350325535989 0.0038266651197013408 0.012287149986947592 0.004544142292826103 0.0032096198832549817 0.010125041552311836 0.0039028076494560127 0.0027690563669415863 0.008644093106819895 0.00335796288582651 0.0023870391908562545 0.007418312334748877 0.00287711304348504 0.0020453860186121133 0.00635534967999033 0.002449068054029026 0.0017391758787656951 0.00541779805573433 0.02198123308439192 0.016285705229807986 0.045799617068099666 0.01675458369374643 0.012845333115758186 0.03310285443042908 0.01192939799789398 0.00986759183840354 0.020551757866995972 0.001187686244021032 0.0008364850291376358 0.0026563903931728864 0.0009883858188345083 0.0006946007501134052 0.0022169788051452344 0.0008615904084138651 0.0006041196581224372 0.0019383189139340175 0.0009214724471989091 0.0006444756761135094 0.0020798576968907847 0.007 0.023 0.34 0.007 0.023 0.34 0.007 0.023 0.34 0.007 0.023 0.34 0.007 0.023 0.34 0.007 0.023 0.34 0.007 0.023 0.34 0.007 0.023 0.34 0.007 0.023 0.34 0.007 0.023 0.34 0.007 0.023 0.34 0.007 0.023 0.34 0.007 0.023 0.34 0.007 0.023 0.34 0.007 0.023 0.34 0.007 0.023 0.34 0.007 0.023 0.34 0.007 0.023 0.34 0.007 0.023 0.34 0.007 0.023 0.34 0.007 0.023 0.34 0.007 0.023 0.34 0.12998429067329303 0.010248331502923246 0.15042212011094996 0.19017046848186228 0.013746715225159252 0.220284384157614 0.19593464803221577 0.016331858527617565 0.22659119602210936 0.007 0.023 0.34 0.007 0.023 0.34 0.007 0.023 0.34 0.007 0.023 0.34 0.007 0.023 0.34 0.007 0.023 0.34 0.007 0.023 0.34 0.007 0.023 0.34 0.007 0.023 0.34 0.007 0.023 0.34 0.007 0.023 0.34 0.007 0.023 0.34 0.0040802776696478365 0.0028625174324841654 0.009172883951172937 0.0033172979591076916 0.0023385201385383277 0.0074104929289636945 0.002734215476107006 0.0019329479110066906 0.00608507232845121 0.0022371400860943403 0.001583548931967379 0.004970422316436079 0.0018000422995429295 0.0012744442408094273 0.003998064450190538 0.0014113913881528537 0.000998937427008302 0.003136251150577782 0.02552343610371638 0.018489743978445102 0.054937949409635596 0.01947477376324863 0.01444649645534459 0.040502752688824736 0.01380634960305418 0.010827792018925834 0.026262513468402596 0.008951212636139705 0.008002672351469628 0.012917955895257299 5.110959799155722e-05 3.7476616248954276e-05 0.00010812197722640779 0.0 0.0 0.0 0.0 0.0 0.0 0.007 0.023 0.34 0.007 0.023 0.34 0.007 0.023 0.34 0.007 0.023 0.34 0.007 0.023 0.34 0.007 0.023 0.34 0.007 0.023 0.34 0.007 0.023 0.34 0.007 0.023 0.34 0.007 0.023 0.34 0.007 0.023 0.34 0.007 0.023 0.34 0.007 0.023 0.34 0.007 0.023 0.34 0.007 0.023 0.34 0.007 0.023 0.34 0.007 0.023 0.34 0.007 0.023 0.34 0.007 0.023 0.34 0.007 0.023 0.34 0.007 0.023 0.34 0.007 0.023 0.34 0.15561436160742376 0.017985914733467934 0.1791062745003353 0.2312195095428283 0.021968183485720078 0.2669367906436008 0.2446051583082272 0.07354522478424984 0.2738035191782935 0.007 0.023 0.34 0.007 0.023 0.34 0.007 0.023 0.34 0.007 0.023 0.34 0.007 0.023 0.34 0.007 0.023 0.34 0.007 0.023 0.34 0.007 0.023 0.34 0.007 0.023 0.34 0.007 0.023 0.34 0.007 0.023 0.34 0.007 0.023 0.34 0.002884693408908148 0.002023235280934965 0.006487263882062336 0.0022111019018648923 0.0015558559938079334 0.004951304222057743 0.0016790926481423214 0.001184013656906428 0.003749485738403945 0.001223951460584873 0.0008643307526976995 0.002727865466036651 0.0008233907725459763 0.0005823526631488786 0.0018313988783629606 0.00046629303203348394 0.00033088882137992956 0.001032545987808521 0.029357024916894424 0.020985283069732814 0.06436718850826126 0.022613744651931368 0.016429727399162344 0.048474964410479285 0.016364234790154118 0.01236316941923067 0.03309646993704596 0.010905630459996731 0.00905518257977078 0.018644101639202205 0.0 0.0 0.0 0.0 0.0 0.0 0.0 0.0 0.0 0.007 0.023 0.34 0.007 0.023 0.34 0.007 0.023 0.34 0.007 0.023 0.34 0.007 0.023 0.34 0.007 0.023 0.34 0.007 0.023 0.34 0.007 0.023 0.34 0.007 0.023 0.34 0.007 0.023 0.34 0.007 0.023 0.34 0.007 0.023 0.34 0.007 0.023 0.34 0.007 0.023 0.34 0.007 0.023 0.34 0.007 0.023 0.34 0.007 0.023 0.34 0.007 0.023 0.34 0.007 0.023 0.34 0.007 0.023 0.34 0.007 0.023 0.34 0.007 0.023 0.34 0.007 0.023 0.34 0.007 0.023 0.34 0.007 0.023 0.34 0.007 0.023 0.34 0.007 0.023 0.34 0.007 0.023 0.34 0.007 0.023 0.34 0.007 0.023 0.34 0.007 0.023 0.34 0.007 0.023 0.34 0.007 0.023 0.34 0.007 0.023 0.34 0.007 0.023 0.34 0.00898360728678196 0.028806707509872256 0.024283828969086516 0.007 0.023 0.34 0.0018102227053728578 0.0012690537397416623 0.004073361531582912 0.0012028280824090407 0.0008455565851042745 0.002696917818514944 0.0007149225319961146 0.0005041160849796518 0.0015965034898063977 0.0002957364397490881 0.00021020561954310514 0.0006534216218991439 0.0 0.0 0.0 0.041334759649082606 0.029187575375048864 0.09213361565448924 0.03401952802332919 0.024122825270906176 0.0754069941806778 0.026569594879986943 0.019056296479771216 0.057989795228315884 0.019486563341928928 0.014373582147433624 0.04086876925879599 0.013225145969679107 0.010457099179683451 0.02480096528130329 0.00821826852485849 0.0077045241286727625 0.010366719311203323 0.0 0.0 0.0 0.0 0.0 0.0 0.007 0.023 0.34 0.007 0.023 0.34 0.007 0.023 0.34 0.007 0.023 0.34 0.007 0.023 0.34 0.007 0.023 0.34 0.007 0.023 0.34 0.007 0.023 0.34 0.007 0.023 0.34 0.007 0.023 0.34 0.007 0.023 0.34 0.007 0.023 0.34 0.007 0.023 0.34 0.007 0.023 0.34 0.007 0.023 0.34 0.007 0.023 0.34 0.007 0.023 0.34 0.007 0.023 0.34 0.007 0.023 0.34 0.007 0.023 0.34 0.007 0.023 0.34 0.007 0.023 0.34 0.007 0.023 0.34 0.007 0.023 0.34 0.007 0.023 0.34 0.007 0.023 0.34 0.007 0.023 0.34 0.007 0.023 0.34 0.007 0.023 0.34 0.007 0.023 0.34 0.007 0.023 0.34 0.007 0.023 0.34 0.007 0.023 0.34 0.00724472038672155 0.02331238457876752 0.01964635389956496 0.0066633068961136285 0.020472252494953103 0.017321575607030258 0.00618540948106799 0.01900956052944366 0.01608357635301643 0.005842154871245281 0.018403165540276305 0.015537220003696431 0.005977674202629224 0.019701957637648784 0.016570597439832344 0.00027447334230786365 0.00019391424577485395 0.0006113670497206904 0.0 0.0 0.0 0.0 0.0 0.0 0.0 0.0 0.0 0.04688072113394389 0.032998089155002394 0.10493712391543536 0.03872972107629515 0.027342294697165353 0.08635131138526396 0.030447855003963367 0.02167934154192118 0.06711729564889694 0.02256522157572039 0.016414196080803294 0.04828847161892715 0.015549151551267891 0.011937601838253448 0.030652453657251798 0.009832656933358662 0.008646252554569887 0.01479413474110921 0.0 0.0 0.0 0.0 0.0 0.0 0.007 0.023 0.34 0.007 0.023 0.34 0.007 0.023 0.34 0.007 0.023 0.34 0.007 0.023 0.34 0.007 0.023 0.34 0.007 0.023 0.34 0.007 0.023 0.34 0.007 0.023 0.34 0.007 0.023 0.34 0.007 0.023 0.34 0.007 0.023 0.34 0.007 0.023 0.34 0.007 0.023 0.34 0.007 0.023 0.34 0.007 0.023 0.34 0.007 0.023 0.34 0.007 0.023 0.34 0.007 0.023 0.34 0.007 0.023 0.34 0.007 0.023 0.34 0.007 0.023 0.34 0.007 0.023 0.34 0.007 0.023 0.34 0.007 0.023 0.34 0.007 0.023 0.34 0.007 0.023 0.34 0.007 0.023 0.34 0.007 0.023 0.34 0.007 0.023 0.34 0.007 0.023 0.34 0.007 0.023 0.34 0.007 0.023 0.34 0.032302854186537416 0.062119898578930674 0.05531678157330078 0.025827900912459328 0.05376460939440272 0.04739051362375283 0.003760893116201133 0.011860774653380968 0.010012689340027994 0.0035373554775217854 0.011287022793325779 0.0095188430632929 0.0035537986330559336 0.011555186414826672 0.009729573635422865 0.0 0.0 0.0 0.0 0.0 0.0 0.0 0.0 0.0 0.0 0.0 0.0 0.05213659457331892 0.03664106590958996 0.11693804251044042 0.04318123622613204 0.030416381402154753 0.09656315647239616 0.03410854890793069 0.024191180391602125 0.0755824381524077 0.025477520465821003 0.018389348598338427 0.055119865054889444 0.017769380362462044 0.013411063230478682 0.03599562270957017 0.011417834520716446 0.009653156679839216 0.01879762011648449 0.0 0.0 0.0 0.0 0.0 0.0 0.007 0.023 0.34 0.007 0.023 0.34 0.007 0.023 0.34 0.007 0.023 0.34 0.007 0.023 0.34 0.007 0.023 0.34 0.007 0.023 0.34 0.007 0.023 0.34 0.007 0.023 0.34 0.007 0.023 0.34 0.007 0.023 0.34 0.007 0.023 0.34 0.007 0.023 0.34 0.007 0.023 0.34 0.007 0.023 0.34 0.007 0.023 0.34 0.007 0.023 0.34 0.007 0.023 0.34 0.007 0.023 0.34 0.007 0.023 0.34 0.007 0.023 0.34 0.007 0.023 0.34 0.007 0.023 0.34 0.007 0.023 0.34 0.007 0.023 0.34 0.007 0.023 0.34 0.007 0.023 0.34 0.007 0.023 0.34 0.007 0.023 0.34 0.007 0.023 0.34 0.007 0.023 0.34 0.007 0.023 0.34 0.0560297167234874 0.12262135795965244 0.10742767474395004 0.058363208185536225 0.17037076421955497 0.14481489425517738 0.04907046330403612 0.14851316846943383 0.12582412022932232 0.032462065557233036 0.09148722076622846 0.07801992226816866 0.013880999582451366 0.01848349887338795 0.017433383349444265 0.001649657022225922 0.0053813156902315935 0.00452989291977108 0.002058082184538531 0.0068111129166258675 0.005726651835366114 0.0 0.0 0.0 0.0 0.0 0.0 0.0 0.0 0.0 0.056912399864419434 0.039982079226746146 0.12771406886000583 0.047209239741906696 0.03322642472380834 0.10568460247868532 0.03741124364438391 0.02648975766507833 0.08308429684847252 0.028104359945057916 0.020211954834633998 0.06110996368795923 0.01978466392068714 0.014803272509081786 0.04061656860872553 0.012886605263715389 0.010661204921446725 0.02219310700033129 0.0 0.0 0.0 0.0 0.0 0.0 0.007 0.023 0.34 0.007 0.023 0.34 0.007 0.023 0.34 0.007 0.023 0.34 0.007 0.023 0.34 0.007 0.023 0.34 0.007 0.023 0.34 0.007 0.023 0.34 0.007 0.023 0.34 0.007 0.023 0.34 0.007 0.023 0.34 0.007 0.023 0.34 0.007 0.023 0.34 0.007 0.023 0.34 0.007 0.023 0.34 0.007 0.023 0.34 0.007 0.023 0.34 0.007 0.023 0.34 0.007 0.023 0.34 0.007 0.023 0.34 0.007 0.023 0.34 0.007 0.023 0.34 0.007 0.023 0.34 0.007 0.023 0.34 0.007 0.023 0.34 0.007 0.023 0.34 0.007 0.023 0.34 0.007 0.023 0.34 0.007 0.023 0.34 0.007 0.023 0.34 0.007 0.023 0.34 0.007 0.023 0.34 0.0889028652737298 0.24949290611584235 0.21285235840057348 0.09049415236123784 0.2888683818338394 0.24360691740954946 0.078193740835597 0.2542921643084655 0.2141131927233906 0.055931137523286184 0.17892268954331808 0.15086068889412724 0.03014081104176503 0.08540128981190333 0.07279294748551615 2.0485836927090837e-05 3.216577144706652e-05 2.9500854022260942e-05 0.0002878655429469577 0.0009300916990223013 0.0007835600835355861 0.0 0.0 0.0 0.0 0.0 0.0 0.0 0.0 0.0 0.06102263058352369 0.042900971742253914 0.13680641037062946 0.0506500538927782 0.035662659161536464 0.11332651369392012 0.04021905106112248 0.028482766418208873 0.08929954742670988 0.03033359232239896 0.021807026914179926 0.06599121952401267 0.021503763359911617 0.01605451296153621 0.04429222857783113 0.014163375899758046 0.011622579257439411 0.02478884760253519 0.0 0.0 0.0 0.0 0.0 0.0 0.007 0.023 0.34 0.007 0.023 0.34 0.007 0.023 0.34 0.007 0.023 0.34 0.007 0.023 0.34 0.007 0.023 0.34 0.007 0.023 0.34 0.007 0.023 0.34 0.007 0.023 0.34 0.007 0.023 0.34 0.007 0.023 0.34 0.007 0.023 0.34 0.007 0.023 0.34 0.007 0.023 0.34 0.007 0.023 0.34 0.007 0.023 0.34 0.007 0.023 0.34 0.007 0.023 0.34 0.007 0.023 0.34 0.007 0.023 0.34 0.007 0.023 0.34 0.007 0.023 0.34 0.007 0.023 0.34 0.007 0.023 0.34 0.007 0.023 0.34 0.007 0.023 0.34 0.007 0.023 0.34 0.007 0.023 0.34 0.007 0.023 0.34 0.007 0.023 0.34 0.007 0.023 0.34 0.007 0.023 0.34 0.1257759687587582 0.37669610237871437 0.31944565845073275 0.12730365661696288 0.416871470471395 0.3508030938478983 0.11198389542599752 0.3709640453884711 0.3118746118703803 0.08389201744889914 0.2765011184083548 0.2325550373369981 0.050904115856200596 0.1611502041948299 0.13599623425366283 0.020440112813477056 0.043723580517446445 0.03841117755079565 0.0 0.0 0.0 0.0 0.0 0.0 0.0 0.0 0.0 0.0 0.0 0.0 0.06431462819007516 0.04532020955153381 0.1437482414092528 0.05335577219103168 0.037638881027215014 0.11908294591886091 0.042408175511854745 0.030097361117698784 0.09389132367276976 0.03206701423273302 0.02311900115964611 0.0694871123706939 0.022850362294313413 0.017125170511713302 0.04679279919216602 0.008304460396530409 0.011492587934204074 0.001714469708395774 0.0 0.0 0.0 0.0 0.0 0.0 0.007 0.023 0.34 0.007 0.023 0.34 0.007 0.023 0.34 0.007 0.023 0.34 0.007 0.023 0.34 0.007 0.023 0.34 0.007 0.023 0.34 0.007 0.023 0.34 0.007 0.023 0.34 0.007 0.023 0.34 0.007 0.023 0.34 0.007 0.023 0.34 0.007 0.023 0.34 0.007 0.023 0.34 0.007 0.023 0.34 0.007 0.023 0.34 0.007 0.023 0.34 0.007 0.023 0.34 0.007 0.023 0.34 0.007 0.023 0.34 0.007 0.023 0.34 0.007 0.023 0.34 0.007 0.023 0.34 0.007 0.023 0.34 0.007 0.023 0.34 0.007 0.023 0.34 0.07653443830302199 0.06607075022652588 0.08074063263418219 0.09671468290882942 0.06744486485291203 0.10848056716310439 0.007 0.023 0.34 0.007 0.023 0.34 0.007 0.023 0.34 0.007 0.023 0.34 0.16838388440511443 0.5050948609796214 0.4282702052367248 0.16637567559212102 0.5479342247228327 0.4608770563437684 0.14728787581553837 0.49024737124047985 0.4119970408300353 0.11286932873228393 0.3749519189085816 0.31515462637200936 0.0724812150929198 0.23600224089205446 0.19869295373561383 0.034518603989219326 0.09572879885443689 0.08176295730000988 0.0 0.0 0.0 0.0 0.0 0.0 0.0 0.0 0.0 0.07841008063369667 0.05603136973557074 0.17199661779775494 0.06672171638256824 0.047257973395971375 0.14811801819186365 0.055222437349634126 0.03912077755519107 0.1225586923115703 0.04388537168545082 0.031298035942773965 0.09652491690506212 0.033231899444180604 0.024124067602424273 0.071320350875666 0.040190566450885486 0.05570329490596461 0.008125118987285058 0.009563109691926686 0.012683731050769734 0.003112657050695259 0.0030929173641253143 0.00430158301995031 0.0005945557638341013 0.0 0.0 0.0 0.007 0.023 0.34 0.007 0.023 0.34 0.007 0.023 0.34 0.007 0.023 0.34 0.007 0.023 0.34 0.007 0.023 0.34 0.007 0.023 0.34 0.007 0.023 0.34 0.007 0.023 0.34 0.007 0.023 0.34 0.007 0.023 0.34 0.007 0.023 0.34 0.007 0.023 0.34 0.007 0.023 0.34 0.007 0.023 0.34 0.007 0.023 0.34 0.007 0.023 0.34 0.007 0.023 0.34 0.007 0.023 0.34 0.007 0.023 0.34 0.007 0.023 0.34 0.007 0.023 0.34 0.007 0.023 0.34 0.007 0.023 0.34 0.007 0.023 0.34 0.007 0.023 0.34 0.10225884707903583 0.06913029804038272 0.11557586438184969 0.12304603064803087 0.07499256228024075 0.142362568446515 0.007 0.023 0.34 0.007 0.023 0.34 0.007 0.023 0.34 0.007 0.023 0.34 0.222540707297653 0.6244692421338967 0.5327644167190098 0.2047225954063026 0.6681282039571745 0.5623966453711404 0.18051800518303204 0.6008316836897777 0.5049320668022775 0.14003489924962118 0.4658453570240188 0.39150778564278116 0.09257814495836172 0.3034304270986354 0.25532194500272665 0.04778290681205003 0.14023008019386357 0.11913714659925556 0.0 0.0 0.0 0.0 0.0 0.0 0.0 0.0 0.0 0.0 0.0 0.0 0.0 0.0 0.0 0.056230510708606865 0.04016722324855819 0.12340629468026941 0.044612821128918095 0.032112786594239204 0.0968872775020823 0.033795626954264635 0.02484682514879596 0.07121902352763117 0.0586052050174404 0.08176504197456444 0.010732869898271736 0.022204829687637876 0.030841789733661668 0.004351878196675998 0.0 0.0 0.0 0.007 0.023 0.34 0.007 0.023 0.34 0.007 0.023 0.34 0.007 0.023 0.34 0.007 0.023 0.34 0.007 0.023 0.34 0.007 0.023 0.34 0.007 0.023 0.34 0.007 0.023 0.34 0.007 0.023 0.34 0.007 0.023 0.34 0.007 0.023 0.34 0.007 0.023 0.34 0.007 0.023 0.34 0.007 0.023 0.34 0.007 0.023 0.34 0.007 0.023 0.34 0.007 0.023 0.34 0.007 0.023 0.34 0.007 0.023 0.34 0.007 0.023 0.34 0.007 0.023 0.34 0.007 0.023 0.34 0.007 0.023 0.34 0.007 0.023 0.34 0.007 0.023 0.34 0.007 0.023 0.34 0.12253684674526602 0.08146416449244283 0.1390472474753325 0.16507177885615956 0.10868913895313873 0.18773647782292655 0.007 0.023 0.34 0.007 0.023 0.34 0.007 0.023 0.34 0.007 0.023 0.34 0.3119496981391748 0.7328369534723627 0.6368064681389277 0.25258087536062224 0.7725952882163457 0.6539477506296244 0.2086253046006633 0.6886864319947062 0.5791547166262491 0.16220199302592112 0.5376455764279785 0.4519836109667481 0.10870294859872213 0.35432769512681506 0.298285457401365 0.05831942949300205 0.1695460701728401 0.14416837543119987 0.0 0.0 0.0 0.0 0.0 0.0 0.0 0.0 0.0 0.0 0.0 0.0 0.0 0.0 0.0 0.0 0.0 0.0 0.0446301356403112 0.03265893254058542 0.09469304806145505 0.09847358907194051 0.13391697860861848 0.02521064577919173 0.07206595093854007 0.10058813514337402 0.013109423605800686 0.03351726531983058 0.04673875999552085 0.006187892273607405 0.0 0.0 0.0 0.007 0.023 0.34 0.007 0.023 0.34 0.007 0.023 0.34 0.007 0.023 0.34 0.007 0.023 0.34 0.007 0.023 0.34 0.007 0.023 0.34 0.007 0.023 0.34 0.007 0.023 0.34 0.007 0.023 0.34 0.007 0.023 0.34 0.007 0.023 0.34 0.007 0.023 0.34 0.007 0.023 0.34 0.007 0.023 0.34 0.007 0.023 0.34 0.05158124122945823 0.05373359882771981 0.05582173192761366 0.06237779334673419 0.06492374718287874 0.06739373194765436 0.007 0.023 0.34 0.007 0.023 0.34 0.007 0.023 0.34 0.007 0.023 0.34 0.007 0.023 0.34 0.007 0.023 0.34 0.007 0.023 0.34 0.007 0.023 0.34 0.007 0.023 0.34 0.1314839563496522 0.09569971299390109 0.1458685099073897 0.19489717844001614 0.14089751680610377 0.2166039675748457 0.007 0.023 0.34 0.007 0.023 0.34 0.007 0.023 0.34 0.007 0.023 0.34 0.36293253188916497 0.6691031894056562 0.5992466744753331 0.36717739056707477 0.8932714359061954 0.7732367571061642 0.23780442681161823 0.7427478246034138 0.6275389202200448 0.17718033931779603 0.5753132461868586 0.4844744389067927 0.1187601975304386 0.37631552028070603 0.3175511782139972 0.06443915242056078 0.17189487901868356 0.1473775636418952 0.1197497683743084 0.10944377978691808 0.16284884536479471 0.0 0.0 0.0 0.0 0.0 0.0 0.0 0.0 0.0 0.0 0.0 0.0 0.0 0.0 0.0 0.0 0.0 0.0 0.03320909863860566 0.025848152640032613 0.06399216962933785 0.08051821111687003 0.1123834409557774 0.01465147102186818 0.040528652144804056 0.056530136766474365 0.007452925591504973 0.0 0.0 0.0 0.007 0.023 0.34 0.007 0.023 0.34 0.007 0.023 0.34 0.007 0.023 0.34 0.007 0.023 0.34 0.007 0.023 0.34 0.007 0.023 0.34 0.007 0.023 0.34 0.007 0.023 0.34 0.007 0.023 0.34 0.007 0.023 0.34 0.007 0.023 0.34 0.007 0.023 0.34 0.007 0.023 0.34 0.007 0.023 0.34 0.003132711733702566 0.003346051553185752 0.0035530254960603113 0.057329113167893804 0.06048345666370208 0.06354367726429003 0.07815476303121531 0.08203541677629676 0.0858002751533975 0.007 0.023 0.34 0.007 0.023 0.34 0.007 0.023 0.34 0.007 0.023 0.34 0.007 0.023 0.34 0.007 0.023 0.34 0.007 0.023 0.34 0.007 0.023 0.34 0.007 0.023 0.34 0.007 0.023 0.34 0.12995933076174637 0.1058170607854425 0.13966404274984234 0.007 0.023 0.34 0.007 0.023 0.34 0.007 0.023 0.34 0.007 0.023 0.34 0.007 0.023 0.34 0.4463213025530154 0.872374232522856 0.7751651364423703 0.291815232683117 0.7577872935787191 0.6514701680477927 0.189544753865538 0.5624338427011092 0.4773547158739618 0.12284305128553238 0.35117433975353657 0.2990778123093092 0.0 0.0 0.0 0.007 0.023 0.34 0.0 0.0 0.0 0.0 0.0 0.0 0.0 0.0 0.0 0.0 0.0 0.0 0.0 0.0 0.0 0.0 0.0 0.0 0.0 0.0 0.0 0.07812407630144201 0.10872415787962908 0.014872449673117884 0.04006481597904746 0.05574451046481943 0.007654242865830318 0.0 0.0 0.0 0.007 0.023 0.34 0.007 0.023 0.34 0.007 0.023 0.34 0.007 0.023 0.34 0.007 0.023 0.34 0.007 0.023 0.34 0.007 0.023 0.34 0.007 0.023 0.34 0.007 0.023 0.34 0.007 0.023 0.34 0.007 0.023 0.34 0.007 0.023 0.34 0.007 0.023 0.34 0.007 0.023 0.34 0.007 0.023 0.34 0.028888514796272198 0.029157049299762997 0.029417570964776093 0.057805038521880514 0.06099280505479172 0.06408545137782001 0.09359048719414738 0.0974651097350844 0.10122411687398183 0.007 0.023 0.34 0.007 0.023 0.34 0.007 0.023 0.34 0.007 0.023 0.34 0.007 0.023 0.34 0.007 0.023 0.34 0.007 0.023 0.34 0.007 0.023 0.34 0.007 0.023 0.34 0.007 0.023 0.34 0.007 0.023 0.34 0.007 0.023 0.34 0.007 0.023 0.34 0.007 0.023 0.34 0.007 0.023 0.34 0.007 0.023 0.34 0.007 0.023 0.34 0.2764829162558481 0.5147646086473685 0.46039777696861983 0.0 0.0 0.0 0.0631266294861891 0.06521607779425424 0.07889575343383075 0.006908938858560206 0.00783222186532485 0.013876981148108453 0.007 0.023 0.34 0.007 0.023 0.34 0.0 0.0 0.0 0.0 0.0 0.0 0.0 0.0 0.0 0.0 0.0 0.0 0.0 0.0 0.0 0.0 0.0 0.0 0.007 0.023 0.34 0.007 0.023 0.34 0.007 0.023 0.34 0.007 0.023 0.34 0.007 0.023 0.34 0.007 0.023 0.34 0.007 0.023 0.34 0.007 0.023 0.34 0.007 0.023 0.34 0.007 0.023 0.34 0.007 0.023 0.34 0.007 0.023 0.34 0.007 0.023 0.34 0.007 0.023 0.34 0.007 0.023 0.34 0.007 0.023 0.34 0.007 0.023 0.34 0.007 0.023 0.34 0.007 0.023 0.34 0.05688705554055151 0.059606078825717834 0.06224396879610365 0.08378775992700951 0.08706615746613805 0.09024673044415711 0.007 0.023 0.34 0.007 0.023 0.34 0.007 0.023 0.34 0.007 0.023 0.34 0.007 0.023 0.34 0.007 0.023 0.34 0.007 0.023 0.34 0.007 0.023 0.34 0.007 0.023 0.34 0.007 0.023 0.34 0.007 0.023 0.34 0.007 0.023 0.34 0.007 0.023 0.34 0.007 0.023 0.34 0.007 0.023 0.34 0.007 0.023 0.34 0.08478402233614933 0.08837867878095264 0.11191299356194763 0.186917442358149 0.3208631145045637 0.4217253949457671 0.1074636122632689 0.1878021587928375 0.24829779766235294 0.0 0.0 0.0 0.05936857524620121 0.061756758194575836 0.07739225775473725 0.005347029308650195 0.006061653701119192 0.010740319287327401 0.007 0.023 0.34 0.007 0.023 0.34 0.007 0.023 0.34 0.007 0.023 0.34 0.007 0.023 0.34 0.007 0.023 0.34 0.007 0.023 0.34 0.007 0.023 0.34 0.007 0.023 0.34 0.007 0.023 0.34 0.007 0.023 0.34 0.007 0.023 0.34 0.007 0.023 0.34 0.007 0.023 0.34 0.007 0.023 0.34 0.007 0.023 0.34 0.007 0.023 0.34 0.007 0.023 0.34 0.007 0.023 0.34 0.007 0.023 0.34 0.007 0.023 0.34 0.007 0.023 0.34 0.007 0.023 0.34 0.007 0.023 0.34 0.007 0.023 0.34 0.007 0.023 0.34 0.007 0.023 0.34 0.007 0.023 0.34 0.007 0.023 0.34 0.007 0.023 0.34 0.007 0.023 0.34 0.007 0.023 0.34 0.007 0.023 0.34 0.007 0.023 0.34 0.007 0.023 0.34 0.007 0.023 0.34 0.007 0.023 0.34 0.007 0.023 0.34 0.007 0.023 0.34 0.007 0.023 0.34 0.007 0.023 0.34 0.007 0.023 0.34 0.007 0.023 0.34 0.09160775325491799 0.09500384899951718 0.11723818140570307 0.09540909523048173 0.10062551911570934 0.1347775900106972 0.30620177172325075 0.5881846313997805 0.8005202284858709 0.19118042209234504 0.37419543690804097 0.5120073680700574 0.056254229114771105 0.0797295618089448 0.09740669576712231 0.06087062272711604 0.06438481589045135 0.08739233535082064 0.05415041988294901 0.055901461894374845 0.06736558218637602 0.007 0.023 0.34 0.007 0.023 0.34 0.007 0.023 0.34 0.007 0.023 0.34 0.007 0.023 0.34 0.007 0.023 0.34 0.007 0.023 0.34 0.007 0.023 0.34 0.007 0.023 0.34 0.007 0.023 0.34 0.007 0.023 0.34 0.007 0.023 0.34 0.007 0.023 0.34 0.007 0.023 0.34 0.007 0.023 0.34 0.007 0.023 0.34 0.007 0.023 0.34 0.007 0.023 0.34 0.007 0.023 0.34 0.007 0.023 0.34 0.007 0.023 0.34 0.007 0.023 0.34 0.007 0.023 0.34 0.007 0.023 0.34 0.007 0.023 0.34 0.007 0.023 0.34 0.007 0.023 0.34 0.007 0.023 0.34 0.007 0.023 0.34 0.007 0.023 0.34 0.007 0.023 0.34 0.007 0.023 0.34 0.007 0.023 0.34 0.007 0.023 0.34 0.007 0.023 0.34 0.007 0.023 0.34 0.007 0.023 0.34 0.007 0.023 0.34 0.007 0.023 0.34 0.007 0.023 0.34 0.007 0.023 0.34 0.007 0.023 0.34 0.007 0.023 0.34 0.10484716866170753 0.10971053549900606 0.14155113217407964 0.1073305326008703 0.11377271431624864 0.1559498554962538 0.4070066770194535 0.7828133922830163 1.0657991856960927 0.25760335875269474 0.5110643129626382 0.7019226619839777 0.09147016778478864 0.16098716488043074 0.21333408094074677 0.06243979233227256 0.06681238953130239 0.09543990386337003 0.05455237692354523 0.05712439955149399 0.07396350255881916 0.0026858802714659134 0.0030448564079426817 0.0053950830636563625 0.007 0.023 0.34 0.007 0.023 0.34 0.007 0.023 0.34 0.007 0.023 0.34 0.007 0.023 0.34 0.007 0.023 0.34 0.007 0.023 0.34 0.007 0.023 0.34 0.007 0.023 0.34 0.007 0.023 0.34 0.007 0.023 0.34 0.007 0.023 0.34 0.007 0.023 0.34 0.007 0.023 0.34 0.007 0.023 0.34 0.007 0.023 0.34 0.007 0.023 0.34 0.007 0.023 0.34 0.007 0.023 0.34 0.007 0.023 0.34 0.007 0.023 0.34 0.007 0.023 0.34 0.007 0.023 0.34 0.007 0.023 0.34 0.007 0.023 0.34 0.007 0.023 0.34 0.007 0.023 0.34 0.007 0.023 0.34 0.007 0.023 0.34 0.007 0.023 0.34 0.007 0.023 0.34 0.007 0.023 0.34 0.007 0.023 0.34 0.007 0.023 0.34 0.007 0.023 0.34 0.007 0.023 0.34 0.007 0.023 0.34 0.007 0.023 0.34 0.007 0.023 0.34 0.007 0.023 0.34 0.007 0.023 0.34 0.09507968077075067 0.09772227198135325 0.11502338944355753 0.11770509105379477 0.12356012651676285 0.16189320500569196 0.12280150530496295 0.13014525667749832 0.17822499924217863 0.522101537561736 0.9182113958735616 1.2164856362753045 0.28618077633527617 0.5639805691368807 0.7731662797243474 0.10746361226329991 0.18780215879292309 0.2482977976624797 0.06404810638198741 0.06904357030148973 0.10174901021317634 0.053066366848680865 0.05595422238313772 0.0748610921309267 0.04731073742971856 0.04800349988224882 0.05253903474535684 0.007 0.023 0.34 0.007 0.023 0.34 0.007 0.023 0.34 0.007 0.023 0.34 0.007 0.023 0.34 0.007 0.023 0.34 0.007 0.023 0.34 0.007 0.023 0.34 0.007 0.023 0.34 0.007 0.023 0.34 0.007 0.023 0.34 0.007 0.023 0.34 0.007 0.023 0.34 0.007 0.023 0.34 0.007 0.023 0.34 0.007 0.023 0.34 0.007 0.023 0.34 0.007 0.023 0.34 0.007 0.023 0.34 0.007 0.023 0.34 0.007 0.023 0.34 0.007 0.023 0.34 0.007 0.023 0.34 0.007 0.023 0.34 0.007 0.023 0.34 0.007 0.023 0.34 0.007 0.023 0.34 0.007 0.023 0.34 0.007 0.023 0.34 0.007 0.023 0.34 0.007 0.023 0.34 0.007 0.023 0.34 0.007 0.023 0.34 0.007 0.023 0.34 0.007 0.023 0.34 0.007 0.023 0.34 0.007 0.023 0.34 0.007 0.023 0.34 0.007 0.023 0.34 0.007 0.023 0.34 0.007 0.023 0.34 0.10591641508878984 0.10943101741605452 0.1324412156839424 0.130429213552732 0.1368927292291449 0.17920954443981835 0.14215775965391167 0.1500764086420435 0.2019200217351162 0.5286259989980279 0.7986600689181975 1.0019981212234335 0.27023025953711727 0.49793075598600334 0.669391251583983 0.0895587069558243 0.11775006300153772 0.1389784044173949 0.0653877773880637 0.0707673926447468 0.10598788194476139 0.05442635304987989 0.05778918253559469 0.07980571982834128 0.04802987715523652 0.04918683147974991 0.05676144331774482 0.007 0.023 0.34 0.007 0.023 0.34 0.007 0.023 0.34 0.007 0.023 0.34 0.007 0.023 0.34 0.007 0.023 0.34 0.007 0.023 0.34 0.007 0.023 0.34 0.007 0.023 0.34 0.007 0.023 0.34 0.007 0.023 0.34 0.007 0.023 0.34 0.007 0.023 0.34 0.007 0.023 0.34 0.007 0.023 0.34 0.007 0.023 0.34 0.007 0.023 0.34 0.007 0.023 0.34 0.007 0.023 0.34 0.007 0.023 0.34 0.007 0.023 0.34 0.007 0.023 0.34 0.007 0.023 0.34 0.006801722847540537 0.017258926639030215 0.0029688149429153215 0.007030336634434097 0.01762159592548008 0.0031482929958064508 0.019379017747333874 0.04769142379254517 0.009001593046290524 0.05384006725641882 0.13430290463973413 0.024347800338366483 0.007 0.023 0.34 0.007 0.023 0.34 0.007 0.023 0.34 0.007 0.023 0.34 0.007 0.023 0.34 0.007 0.023 0.34 0.007 0.023 0.34 0.007 0.023 0.34 0.007 0.023 0.34 0.007 0.023 0.34 0.007 0.023 0.34 0.007 0.023 0.34 0.007 0.023 0.34 0.007 0.023 0.34 0.11115986727975659 0.1149543115776651 0.1397966429373223 0.1398672009977364 0.14656237081712475 0.19039583208419303 0.15986303010867295 0.16801234068541138 0.22136610155407985 0.14734474351845678 0.1559275850955032 0.21211968536745998 0.10842317919129059 0.11659815161840704 0.1701199213285138 0.08192066981798948 0.08901646076399028 0.13547279958455735 0.06615351582251602 0.0716707445828679 0.10779219328281026 0.05548519085814306 0.05908469846895378 0.08265077396745449 0.04861621204098555 0.04998751171847378 0.05896544848785283 0.007 0.023 0.34 0.007 0.023 0.34 0.007 0.023 0.34 0.007 0.023 0.34 0.007 0.023 0.34 0.007 0.023 0.34 0.007 0.023 0.34 0.007 0.023 0.34 0.007 0.023 0.34 0.007 0.023 0.34 0.007 0.023 0.34 0.007 0.023 0.34 0.007 0.023 0.34 0.007 0.023 0.34 0.007 0.023 0.34 0.007 0.023 0.34 0.007 0.023 0.34 0.007 0.023 0.34 0.007 0.023 0.34 0.007 0.023 0.34 0.007 0.023 0.34 0.007 0.023 0.34 0.005336144624463739 0.013535460661367986 0.00233082657988792 0.005492108616288052 0.01379969715480381 0.002447105151445483 0.005746292695650889 0.01430436170034582 0.0026094799309308836 0.03518416213189447 0.08918517966332982 0.01539101942557278 0.08293528976887994 0.21100472359214678 0.035993645039572454 0.1382692550256111 0.3518385508521036 0.05998910877611429 0.007 0.023 0.34 0.007 0.023 0.34 0.007 0.023 0.34 0.007 0.023 0.34 0.007 0.023 0.34 0.007 0.023 0.34 0.007 0.023 0.34 0.007 0.023 0.34 0.007 0.023 0.34 0.007 0.023 0.34 0.007 0.023 0.34 0.007 0.023 0.34 0.007 0.023 0.34 0.11109341197959349 0.11472254753591023 0.13848259800992244 0.14188800821506958 0.1484832553460713 0.19166252001928866 0.16435148602188968 0.1724346471889208 0.22535532604974443 0.15252974083069498 0.16107165531450843 0.21699580477948094 0.11118653429858211 0.11934025989206935 0.17272292599703126 0.0832410087399042 0.09033159612297215 0.13675386707365383 0.0670366348383614 0.07255948604882606 0.10871774508456179 0.05611187124773608 0.0597036882591952 0.08321941319185623 0.04903924866713398 0.0503814412108549 0.0591688127735248 0.007 0.023 0.34 0.007 0.023 0.34 0.007 0.023 0.34 0.007 0.023 0.34 0.007 0.023 0.34 0.007 0.023 0.34 0.007 0.023 0.34 0.007 0.023 0.34 0.007 0.023 0.34 0.007 0.023 0.34 0.007 0.023 0.34 0.007 0.023 0.34 0.007 0.023 0.34 0.007 0.023 0.34 0.007 0.023 0.34 0.007 0.023 0.34 0.007 0.023 0.34 0.007 0.023 0.34 0.007 0.023 0.34 0.007 0.023 0.34 0.007 0.023 0.34 0.0041127067832493775 0.010466783782045722 0.0017837293203539781 0.004174090981232161 0.010565308003379372 0.0018315004825847608 0.00433687440594305 0.010907623929345547 0.0019284793617479628 0.0045551410380899665 0.011387488080010917 0.002050861929994764 0.04263284859220803 0.10846882386877753 0.018501806003974594 0.0960696756471377 0.24478690455430313 0.04155993732721246 0.16585104816904248 0.42286398342448495 0.0716473842858524 0.24224489280124814 0.6174294521894678 0.1047274558222773 0.007 0.023 0.34 0.007 0.023 0.34 0.007 0.023 0.34 0.007 0.023 0.34 0.007 0.023 0.34 0.007 0.023 0.34 0.007 0.023 0.34 0.007 0.023 0.34 0.007 0.023 0.34 0.007 0.023 0.34 0.007 0.023 0.34 0.007 0.023 0.34 0.10480254080211757 0.10778749400213666 0.1273300648415126 0.13545226573368147 0.14162284174000833 0.1820217728598075 0.15234738245606852 0.16005898592019652 0.21054706626327674 0.14111585740333996 0.14931970930359506 0.20303055372000284 0.10761665846480883 0.11545996385538576 0.16681030033946467 0.08256633052813743 0.0893703028545117 0.13391609713244945 0.066948103160027 0.07220290995707777 0.1066062748332648 0.05626155367261743 0.05959360017001157 0.08140860039011652 0.04921260610292314 0.050269588171206275 0.05718967889331245 0.007 0.023 0.34 0.007 0.023 0.34 0.007 0.023 0.34 0.007 0.023 0.34 0.007 0.023 0.34 0.007 0.023 0.34 0.007 0.023 0.34 0.007 0.023 0.34 0.007 0.023 0.34 0.007 0.023 0.34 0.007 0.023 0.34 0.007 0.023 0.34 0.007 0.023 0.34 0.007 0.023 0.34 0.007 0.023 0.34 0.007 0.023 0.34 0.007 0.023 0.34 0.007 0.023 0.34 0.007 0.023 0.34 0.007 0.023 0.34 0.0030902279510819095 0.007880245309808215 0.001334529605363944 0.0030416061689261826 0.007735781482384565 0.001321037073840383 0.0031351304929777123 0.007945748424745156 0.0013718813620954141 0.003286603562046966 0.008297350609071625 0.0014500005515702685 0.004947087254721539 0.012486082565504826 0.002183798397029945 0.04544438558576015 0.11578908903831434 0.019660746356003633 0.10139304788738726 0.25851829569799084 0.043801495082460486 0.17779961974020403 0.45347050166338415 0.07675720692443147 0.2748323112067406 0.7010888194857363 0.11859533117292571 0.35460159371219047 0.8982326090531206 0.15534301011306068 0.007 0.023 0.34 0.007 0.023 0.34 0.007 0.023 0.34 0.007 0.023 0.34 0.007 0.023 0.34 0.007 0.023 0.34 0.007 0.023 0.34 0.007 0.023 0.34 0.007 0.023 0.34 0.007 0.023 0.34 0.007 0.023 0.34 0.0843313685855762 0.08551291428165661 0.09324852650682092 0.12316867371202331 0.1284839971724124 0.16328356631077828 0.13360280466353 0.14055867085149987 0.18609891842615253 0.12382472985059134 0.13133296936698685 0.18048962034135457 0.10032826113910195 0.10752981847259958 0.15467861274609263 0.16608379989233527 0.19377134874477991 0.1344135839713498 0.09665877974505546 0.11298600232336795 0.07798299637395038 0.04029918394266483 0.04336602937744631 0.03679119348697515 0.04888005976976747 0.049351533341699075 0.05243828380676767 0.0 0.0 0.0 0.0 0.0 0.0 0.0 0.0 0.0 0.0 0.0 0.0 0.0 0.0 0.0 0.0 0.0 0.0 0.0 0.0 0.0 0.007 0.023 0.34 0.007 0.023 0.34 0.007 0.023 0.34 0.007 0.023 0.34 0.007 0.023 0.34 0.007 0.023 0.34 0.007 0.023 0.34 0.007 0.023 0.34 0.007 0.023 0.34 0.007 0.023 0.34 0.007 0.023 0.34 0.007 0.023 0.34 0.007 0.023 0.34 0.0020530713708418443 0.005233367901866836 0.0008873884640271013 0.002083150565030461 0.005301240257301376 0.0009036152260198211 0.0021853054718553814 0.005549961961129559 0.0009520485982939284 0.002328153126158889 0.005899734188391934 0.0010190516150471278 0.0045393030933000055 0.01152275517557225 0.0019796390357346093 0.04499883374862347 0.11473903064134125 0.01943676598460434 0.10140308385607044 0.25863880630578373 0.04377103847531294 0.18001952375694005 0.45921567850270384 0.07768498291755205 0.2857156167656701 0.7289108206112136 0.12327004967305667 0.4022317181537179 1.02617499802663 0.17353605752128937 0.007 0.023 0.34 0.007 0.023 0.34 0.007 0.023 0.34 0.007 0.023 0.34 0.007 0.023 0.34 0.007 0.023 0.34 0.007 0.023 0.34 0.007 0.023 0.34 0.007 0.023 0.34 0.007 0.023 0.34 0.007 0.023 0.34 0.007 0.023 0.34 0.10793404797852969 0.11189346381894014 0.13781586841251078 0.11604996546476495 0.12185468195429308 0.15985832073776593 0.4480708794380126 0.5056418781179243 0.3822186810835676 0.3156462998176638 0.3812508777673579 0.2406049460255789 0.21324625188769256 0.2628342245958011 0.15652538392212448 0.12889941187301665 0.15896480142431227 0.09450931891417393 0.06154645849754459 0.07454298492860195 0.04668046943914377 0.0 0.0 0.0 0.005059556934035803 0.006335720484808122 0.003599825867958345 0.0 0.0 0.0 0.0 0.0 0.0 0.0 0.0 0.0 0.0 0.0 0.0 0.0 0.0 0.0 0.0 0.0 0.0 0.0 0.0 0.0 0.0 0.0 0.0 0.007 0.023 0.34 0.007 0.023 0.34 0.007 0.023 0.34 0.007 0.023 0.34 0.007 0.023 0.34 0.007 0.023 0.34 0.007 0.023 0.34 0.007 0.023 0.34 0.007 0.023 0.34 0.007 0.023 0.34 0.001289059993342397 0.003288698203554149 0.0005561270549455438 0.0011433847559171228 0.0029147243316941067 0.0004941307490958691 0.001200816943945626 0.0030582618837663752 0.0005200024992621429 0.0013070235461307574 0.003325168155490661 0.0005673074059339327 0.0014444912943792079 0.0036706490618604744 0.0006285315144937041 0.0024767417524472254 0.006297517034085636 0.0010763023930549281 0.04209472608200731 0.10737445525150358 0.01816756592192862 0.0974803573018726 0.24867786354814664 0.04206151605077285 0.17533703212674048 0.44727720835990065 0.07566204521317176 0.2826462266011395 0.7210431898708924 0.12195937193279847 0.414112593710333 1.0565620085847753 0.1786338280963268 0.516020838079796 1.2097377896211479 0.26175084008097393 0.007 0.023 0.34 0.007 0.023 0.34 0.007 0.023 0.34 0.007 0.023 0.34 0.007 0.023 0.34 0.007 0.023 0.34 0.007 0.023 0.34 0.007 0.023 0.34 0.007 0.023 0.34 0.007 0.023 0.34 0.007 0.023 0.34 0.08531556267215143 0.08695502533146719 0.0976886325310658 0.6539594922180594 0.7137821884904033 0.5855317047668283 0.5219353376478483 0.6226312811201811 0.4067549621970778 0.36165827321751043 0.4490744948284751 0.26166781800711636 0.2538950295480912 0.31700875160791575 0.18170282445749064 0.15666332294383073 0.19551775073657238 0.11221994790040155 0.08050627591147973 0.09988974183570805 0.0583346292124917 0.02518085152188128 0.02985658644320156 0.019832543683701864 0.0039860539318465355 0.004987999550626931 0.002839985196872231 0.004053685839241644 0.005077261472455152 0.0028828757582160373 0.013614343458434153 0.0021816770791166164 0.0012324055596912686 0.0 0.0 0.0 0.0 0.0 0.0 0.0 0.0 0.0 0.0 0.0 0.0 0.0 0.0 0.0 0.0 0.0 0.0 0.007 0.023 0.34 0.007 0.023 0.34 0.007 0.023 0.34 0.007 0.023 0.34 0.007 0.023 0.34 0.007 0.023 0.34 0.007 0.023 0.34 0.007 0.023 0.34 0.007 0.023 0.34 0.007 0.023 0.34 0.00032721658747842893 0.0008345743502143019 0.00014125333974619094 0.00030578588026562855 0.0007793608480420277 0.0001322051340531447 0.00037749619740711307 0.0009616060798268512 0.0001634007824054143 0.00048614232749365915 0.0012377660247638003 0.0002106476094013423 0.0006200695259110739 0.001578000660714195 0.0002689563706274816 0.0007754791407747881 0.0019725612647674556 0.00033670931023260147 0.037288206761242275 0.09513048387847148 0.016087116526721058 0.09057488013824787 0.23107673437584553 0.0390763458780609 0.1655708954143735 0.4223251991548025 0.07146202845759381 0.26986423083129846 0.6882655157904364 0.1165064475842748 0.40301626843533606 1.0282424307708613 0.17385038933631722 0.506647095359264 1.277389032265742 0.2241449158761433 0.007 0.023 0.34 0.007 0.023 0.34 0.007 0.023 0.34 0.007 0.023 0.34 0.007 0.023 0.34 0.007 0.023 0.34 0.007 0.023 0.34 0.007 0.023 0.34 0.007 0.023 0.34 0.007 0.023 0.34 0.007 0.023 0.34 0.007 0.023 0.34 0.8804346223991075 0.9951175362589897 0.749255345253758 0.5356927644041838 0.6596625548218991 0.3938907561754312 0.3957512037735271 0.4950031056855037 0.28222258551726614 0.272582436815156 0.3412375202746535 0.19405178288030686 0.16760208457034917 0.20974185823161648 0.11940078882451961 0.08724614904497197 0.10891879852453792 0.06245603518348137 0.029236942069120902 0.03577347527263635 0.021760172672405365 0.00304143365313976 0.0038060985539089694 0.0021667768663068024 0.003004576509704506 0.00376252977492659 0.002137596781902424 0.010709697407146248 0.001703032530457858 0.0009551955719758006 0.01007074132935125 0.001594974623845848 0.0008912189406234906 0.0 0.0 0.0 0.0 0.0 0.0 0.0 0.0 0.0 0.0 0.0 0.0 0.0 0.0 0.0 0.0 0.0 0.0 0.007 0.023 0.34 0.007 0.023 0.34 0.007 0.023 0.34 0.007 0.023 0.34 0.007 0.023 0.34 0.007 0.023 0.34 0.007 0.023 0.34 0.007 0.023 0.34 0.007 0.023 0.34 0.0 0.0 0.0 0.0 0.0 0.0 0.0 0.0 0.0 0.0 0.0 0.0 0.0 0.0 0.0 0.0 0.0 0.0 0.031007272169762744 0.07911170666401539 0.013375420395907132 0.08141268671130499 0.20770725374067303 0.03512158882985831 0.15205489470276742 0.3878338786332957 0.06563416988268769 0.2501645302131513 0.637928747351794 0.10803623639419856 0.3769811172046794 0.9617598063343096 0.16264056262493234 0.48605996266099366 1.2385257357158135 0.2102565961961535 0.007 0.023 0.34 0.007 0.023 0.34 0.007 0.023 0.34 0.007 0.023 0.34 0.007 0.023 0.34 0.007 0.023 0.34 0.007 0.023 0.34 0.007 0.023 0.34 0.007 0.023 0.34 0.007 0.023 0.34 0.007 0.023 0.34 0.811223040413851 0.878451006603544 0.7343247849379679 0.8225002708613959 0.960499160243519 0.6646511724497053 0.5292034275406362 0.6605790563086525 0.3789303010890349 0.4005144942591204 0.5015772311028356 0.28491456468559345 0.2727418062213923 0.3415872121114444 0.19399345325863748 0.16696038752784045 0.20907203631041676 0.11879126223471653 0.08696126108967331 0.10876869465224814 0.06201697536434774 0.02919067313381772 0.03608240669495012 0.021307610204912286 0.002169246843429594 0.002715467825601672 0.001544455658837787 0.0021132897243724496 0.002646404571083768 0.0015034899043880321 0.0021635455729735833 0.002709885319977828 0.0015386185400299186 0.007360627298525523 0.0011615400218818201 0.0006468204627774299 0.0 0.0 0.0 0.0 0.0 0.0 0.0 0.0 0.0 0.0 0.0 0.0 0.0 0.0 0.0 0.0 0.0 0.0 0.007 0.023 0.34 0.007 0.023 0.34 0.007 0.023 0.34 0.007 0.023 0.34 0.007 0.023 0.34 0.007 0.023 0.34 0.007 0.023 0.34 0.007 0.023 0.34 0.007 0.023 0.34 0.0 0.0 0.0 0.0 0.0 0.0 0.0 0.0 0.0 0.0 0.0 0.0 0.0 0.0 0.0 0.0 0.0 0.0 0.02418892021974132 0.06171676946951763 0.010433733565531502 0.07099311584706251 0.18112879173650442 0.030624781145444653 0.1360801438928542 0.3471157103520449 0.05872869249465362 0.225711818405873 0.5756429935070919 0.09745057439991826 0.34131018488264603 0.8707687668815794 0.14724626257801268 0.444793615132305 1.1345204548253287 0.19198612389425193 0.007 0.023 0.34 0.007 0.023 0.34 0.007 0.023 0.34 0.007 0.023 0.34 0.007 0.023 0.34 0.007 0.023 0.34 0.007 0.023 0.34 0.007 0.023 0.34 0.007 0.023 0.34 0.007 0.023 0.34 0.007 0.023 0.34 0.8997908193190964 1.0025505134592625 0.7822498365929884 0.652035769735517 0.7935747969442489 0.4901373085594936 0.5055165289364021 0.6328801158709446 0.3598325494630073 0.380482765147397 0.4765563320050457 0.27058966399581885 0.2572578716310016 0.3222166819528612 0.18295517478241496 0.15668458190419948 0.19623461810526985 0.11144553987682644 0.08066792286239262 0.10095841062146657 0.05745878535814419 0.02545156781178721 0.03155838148995307 0.01846633019442177 0.0013546555287889763 0.0016962425303305394 0.000963933542083818 0.0012896648453326557 0.0016151341688352568 0.0009173789558912607 0.0012695611341955542 0.0015901272116810978 0.0009028837896239665 0.004781405924470808 0.0007530338564789502 0.00041855205259187366 0.004197925240713922 0.0006608303582956285 0.0003671400395210795 0.0 0.0 0.0 0.0 0.0 0.0 0.0 0.0 0.0 0.0 0.0 0.0 0.0 0.0 0.0 0.007 0.023 0.34 0.007 0.023 0.34 0.007 0.023 0.34 0.007 0.023 0.34 0.007 0.023 0.34 0.007 0.023 0.34 0.007 0.023 0.34 0.007 0.023 0.34 0.007 0.023 0.34 0.0 0.0 0.0 0.0 0.0 0.0 0.0 0.0 0.0 0.0 0.0 0.0 0.0 0.0 0.0 0.0 0.0 0.0 0.01665014542242318 0.04248198093943531 0.007181931115964724 0.05968903382623049 0.1522914577642316 0.025747210583933575 0.11882823480693498 0.3031480228695567 0.05126899175010385 0.19903749857448153 0.5077343809698012 0.08588997422106849 0.30038910259689966 0.766412059385131 0.12957641591443306 0.3883627922005406 0.9905999184471072 0.16762314825023275 0.007 0.023 0.34 0.007 0.023 0.34 0.007 0.023 0.34 0.007 0.023 0.34 0.007 0.023 0.34 0.007 0.023 0.34 0.007 0.023 0.34 0.007 0.023 0.34 0.007 0.023 0.34 0.007 0.023 0.34 0.007 0.023 0.34 0.6984244910710844 0.8062872015896815 0.5750464574953497 0.5434953831810346 0.675489750332739 0.39251451700446044 0.4578409558792228 0.5734110396534103 0.32564689541396324 0.34251150021929505 0.42900329760079364 0.24357844142581772 0.23074746392067674 0.28901576376098137 0.16409766233926187 0.13940292924372716 0.1745969490374385 0.09914648718977997 0.06980310986914531 0.08737283742885701 0.04970609555941424 0.01875083025226535 0.023225950543171798 0.01363199410534958 0.0005869272130578938 0.0007350470954398097 0.00041750128509923125 0.000516217724041302 0.0006465346174267293 0.00036715562491279385 0.00047345064741979886 0.0005929991197001318 0.0003367059341077069 0.002314485444818052 0.00036426179152277083 0.0002023317824452755 0.0017513505627215536 0.00027561259884004434 0.0001530798516427896 0.0 0.0 0.0 0.0 0.0 0.0 0.0 0.0 0.0 0.0 0.0 0.0 0.0 0.0 0.0 0.0 0.0 0.0 0.007 0.023 0.34 0.007 0.023 0.34 0.007 0.023 0.34 0.007 0.023 0.34 0.007 0.023 0.34 0.007 0.023 0.34 0.007 0.023 0.34 0.007 0.023 0.34 0.0 0.0 0.0 0.0 0.0 0.0 0.0 0.0 0.0 0.0 0.0 0.0 0.0 0.0 0.0 0.0 0.0 0.0 0.008466824102111005 0.02160266050394015 0.003652109558686942 0.04754113277698086 0.12129853966741896 0.020506625892349716 0.10043865999252954 0.2562565363265126 0.04332630168040765 0.17071542945135149 0.43555317817878025 0.07364371498724008 0.2567022277018968 0.6549619953756688 0.11072697064003303 0.32364948484473005 0.8251180883160526 0.13984480698898838 0.007 0.023 0.34 0.007 0.023 0.34 0.007 0.023 0.34 0.007 0.023 0.34 0.007 0.023 0.34 0.007 0.023 0.34 0.007 0.023 0.34 0.007 0.023 0.34 0.007 0.023 0.34 0.007 0.023 0.34 0.007 0.023 0.34 0.5137998586318694 0.6124715944027621 0.4009348595011614 0.460607820481517 0.5753480620414025 0.32936296943336246 0.3938146715034126 0.4932444915639427 0.2800825427735097 0.2942989894496813 0.3686165764572583 0.20929131904158838 0.19764677924110335 0.24755667904634554 0.14055767713782324 0.1176446063422137 0.14734419913935956 0.0836729275322311 0.055819870830320036 0.06985864148109432 0.03976171775419615 0.009969736614235019 0.012230683233694473 0.007383568080295595 0.0 0.0 0.0 0.0 0.0 0.0 0.0 0.0 0.0 0.0 0.0 0.0 0.0 0.0 0.0 0.0 0.0 0.0 0.0 0.0 0.0 0.0 0.0 0.0 0.0 0.0 0.0 0.0 0.0 0.0 0.0 0.0 0.0 0.007 0.023 0.34 0.007 0.023 0.34 0.007 0.023 0.34 0.007 0.023 0.34 0.007 0.023 0.34 0.007 0.023 0.34 0.007 0.023 0.34 0.007 0.023 0.34 0.0 0.0 0.0 0.0 0.0 0.0 0.0 0.0 0.0 0.0 0.0 0.0 0.0 0.0 0.0 0.0 0.0 0.0 0.0 0.0 0.0 0.0348491206419158 0.08891572046957838 0.015031939874691319 0.08141961599228807 0.20773756888210188 0.035119946426560744 0.14165579668930803 0.36142677942918466 0.061102528937515804 0.2117566796035961 0.5402861645041668 0.09133985645603208 0.2535074053629014 0.6445292400914197 0.11018508793501382 0.007 0.023 0.34 0.007 0.023 0.34 0.007 0.023 0.34 0.007 0.023 0.34 0.007 0.023 0.34 0.007 0.023 0.34 0.007 0.023 0.34 0.007 0.023 0.34 0.007 0.023 0.34 0.007 0.023 0.34 0.007 0.023 0.34 0.38824472473670196 0.4703255956495544 0.29435707441972386 0.3763060642707574 0.4704767022299822 0.26858961549879384 0.32360239336811786 0.40529884022479046 0.23015446391373126 0.24239635590995431 0.30360592469764724 0.17238220369057197 0.16201605804909625 0.20292660561190215 0.11522080428124928 0.09409993104214177 0.11784813196636312 0.06693571166637612 0.040667405986786795 0.050861671493154306 0.029006764177607405 0.0 0.0 0.0 0.0 0.0 0.0 0.0 0.0 0.0 0.0 0.0 0.0 0.0 0.0 0.0 0.0 0.0 0.0 0.0 0.0 0.0 0.0 0.0 0.0 0.0 0.0 0.0 0.0 0.0 0.0 0.0 0.0 0.0 0.0 0.0 0.0 0.007 0.023 0.34 0.007 0.023 0.34 0.007 0.023 0.34 0.007 0.023 0.34 0.007 0.023 0.34 0.007 0.023 0.34 0.007 0.023 0.34 0.007 0.023 0.34 0.0 0.0 0.0 0.0 0.0 0.0 0.0 0.0 0.0 0.0 0.0 0.0 0.0 0.0 0.0 0.0 0.0 0.0 0.0 0.0 0.0 0.021834075271873483 0.05570848875662767 0.00941799255998044 0.06211896778337996 0.15849331874599473 0.026794609668799395 0.11241886374804212 0.28683088983080773 0.04849114016495798 0.16646220238295723 0.4247120553985017 0.0718051676030534 0.17462020681797333 0.4351105784810974 0.07914194852497727 0.007 0.023 0.34 0.007 0.023 0.34 0.007 0.023 0.34 0.007 0.023 0.34 0.007 0.023 0.34 0.007 0.023 0.34 0.007 0.023 0.34 0.007 0.023 0.34 0.007 0.023 0.34 0.007 0.023 0.34 0.007 0.023 0.34 0.2914548912495977 0.3543031629883615 0.21956631971750012 0.29374460279936854 0.36712755181956674 0.20980601174625899 0.25458666097462623 0.31883022166466535 0.18110209759093657 0.1911266240596493 0.23938277103005565 0.1359291559770733 0.12625586358759125 0.15812906324779352 0.08979791923466753 0.06996538294698837 0.08760205801200793 0.04979179118506857 0.024758760647551895 0.03089133429916073 0.01774405765839043 0.0 0.0 0.0 0.0 0.0 0.0 0.0 0.0 0.0 0.0 0.0 0.0 0.0 0.0 0.0 0.0 0.0 0.0 0.0 0.0 0.0 0.0 0.0 0.0 0.0 0.0 0.0 0.0 0.0 0.0 0.0 0.0 0.0 0.0 0.0 0.0 0.007 0.023 0.34 0.007 0.023 0.34 0.007 0.023 0.34 0.007 0.023 0.34 0.007 0.023 0.34 0.007 0.023 0.34 0.007 0.023 0.34 0.007 0.023 0.34 0.007 0.023 0.34 0.0 0.0 0.0 0.0 0.0 0.0 0.0 0.0 0.0 0.0 0.0 0.0 0.0 0.0 0.0 0.0 0.0 0.0 0.008640339129112336 0.02204319974561981 0.003727751459795878 0.042739948632466794 0.10904828151600963 0.018435771500651888 0.08325019450186055 0.21240608108172726 0.03591032923082829 0.12072648862088059 0.3078219953501921 0.05214985370378663 0.007 0.023 0.34 0.007 0.023 0.34 0.007 0.023 0.34 0.007 0.023 0.34 0.007 0.023 0.34 0.007 0.023 0.34 0.007 0.023 0.34 0.007 0.023 0.34 0.007 0.023 0.34 0.007 0.023 0.34 0.007 0.023 0.34 0.007 0.023 0.34 0.20975850916184785 0.25325486803159675 0.1600054925794504 0.2175458426029974 0.27144447086443224 0.15589426037079657 0.19051088300664432 0.23850098914005413 0.1356177239402396 0.14283141268663738 0.17886640105705515 0.10161303440102888 0.0919080284218517 0.11508358299020001 0.06539882671606885 0.04632051132152487 0.05794321055969358 0.03302596522720799 0.008916261351526827 0.010957170122215176 0.00658178162610231 0.0 0.0 0.0 0.0 0.0 0.0 0.0 0.0 0.0 0.0 0.0 0.0 0.0 0.0 0.0 0.0 0.0 0.0 0.0 0.0 0.0 0.0 0.0 0.0 0.0 0.0 0.0 0.0 0.0 0.0 0.0 0.0 0.0 0.007 0.023 0.34 0.007 0.023 0.34 0.007 0.023 0.34 0.007 0.023 0.34 0.007 0.023 0.34 0.007 0.023 0.34 0.007 0.023 0.34 0.007 0.023 0.34 0.007 0.023 0.34 0.007 0.023 0.34 0.0 0.0 0.0 0.0 0.0 0.0 0.0 0.0 0.0 0.0 0.0 0.0 0.0 0.0 0.0 0.0 0.0 0.0 0.0 0.0 0.0 0.02331868334837217 0.05947606548938411 0.010065817803987784 0.053977172575452634 0.13763811454323213 0.023312695515374845 0.07190119799201584 0.18136948987350998 0.031777481401557395 0.007 0.023 0.34 0.007 0.023 0.34 0.007 0.023 0.34 0.007 0.023 0.34 0.007 0.023 0.34 0.007 0.023 0.34 0.007 0.023 0.34 0.007 0.023 0.34 0.007 0.023 0.34 0.007 0.023 0.34 0.007 0.023 0.34 0.007 0.023 0.34 0.14017251790087348 0.165239262648794 0.11150009106982252 0.15075683923286076 0.1872199195924617 0.10904879081416362 0.13353487171675216 0.16695466154237035 0.09530787063941312 0.09903640865126527 0.12393215525350142 0.07055957689527032 0.06011639850248877 0.07519403872206523 0.042869941480318696 0.02404536152878661 0.029942695653684105 0.017299735684871993 0.0 0.0 0.0 0.0 0.0 0.0 0.0 0.0 0.0 0.0 0.0 0.0 0.0 0.0 0.0 0.0 0.0 0.0 0.0 0.0 0.0 0.0 0.0 0.0 0.0 0.0 0.0 0.0 0.0 0.0 0.0 0.0 0.0 0.0 0.0 0.0 0.007 0.023 0.34 0.007 0.023 0.34 0.007 0.023 0.34 0.007 0.023 0.34 0.007 0.023 0.34 0.007 0.023 0.34 0.007 0.023 0.34 0.007 0.023 0.34 0.007 0.023 0.34 0.0 0.0 0.0 0.0 0.0 0.0 0.0 0.0 0.0 0.0 0.0 0.0 0.0 0.0 0.0 0.0 0.0 0.0 0.0 0.0 0.0 0.0 0.0 0.0 0.0036423827994353803 0.009093511399625474 0.0016443655170523997 0.02345656160047154 0.05904589379918428 0.010411904976700564 0.007 0.023 0.34 0.007 0.023 0.34 0.007 0.023 0.34 0.007 0.023 0.34 0.007 0.023 0.34 0.007 0.023 0.34 0.007 0.023 0.34 0.007 0.023 0.34 0.007 0.023 0.34 0.007 0.023 0.34 0.007 0.023 0.34 0.007 0.023 0.34 0.007 0.023 0.34 0.07773847680204733 0.08351864400878259 0.07112687154683739 0.09453161413552998 0.115730676170171 0.07028321007717767 0.08456055134811195 0.10520868381803088 0.06094232435472809 0.06053191584368926 0.07549716267264386 0.04341401924295832 0.03160836845383327 0.03931352084473073 0.022794881885401488 0.0038005162242222227 0.004371321203048671 0.0031476048009486187 0.0 0.0 0.0 0.0 0.0 0.0 0.0 0.0 0.0 0.0 0.0 0.0 0.0 0.0 0.0 0.0 0.0 0.0 0.0 0.0 0.0 0.0 0.0 0.0 0.0 0.0 0.0 0.0 0.0 0.0 0.0 0.0 0.0 0.0 0.0 0.0 0.007 0.023 0.34 0.007 0.023 0.34 0.007 0.023 0.34 0.007 0.023 0.34 0.007 0.023 0.34 0.007 0.023 0.34 0.007 0.023 0.34 0.007 0.023 0.34 0.0 0.0 0.0 0.0 0.0 0.0 0.0 0.0 0.0 0.0 0.0 0.0 0.0 0.0 0.0 0.0 0.0 0.0 0.0 0.0 0.0 0.0 0.0 0.0 0.0 0.0 0.0 0.0 0.0 0.0 0.007 0.023 0.34 0.007 0.023 0.34 0.007 0.023 0.34 0.007 0.023 0.34 0.007 0.023 0.34 0.007 0.023 0.34 0.007 0.023 0.34 0.007 0.023 0.34 0.007 0.023 0.34 0.007 0.023 0.34 0.007 0.023 0.34 0.007 0.023 0.34 0.007 0.023 0.34 0.007 0.023 0.34 0.007 0.023 0.34 0.048762951226579615 0.05650630014330123 0.039905773819831694 0.04383942309060542 0.053395294104983275 0.03290900451324149 0.027732313596177456 0.0339548327777329 0.02061472701953347 0.006897663286899844 0.007985342257228358 0.005653529036280629 0.0 0.0 0.0 0.0 0.0 0.0 0.0 0.0 0.0 0.0 0.0 0.0 0.0 0.0 0.0 0.0 0.0 0.0 0.0 0.0 0.0 0.0 0.0 0.0 0.0 0.0 0.0 0.0 0.0 0.0 0.0 0.0 0.0 0.0 0.0 0.0 0.007 0.023 0.34 0.007 0.023 0.34 0.007 0.023 0.34 0.007 0.023 0.34 0.007 0.023 0.34 0.007 0.023 0.34 0.007 0.023 0.34 0.007 0.023 0.34 0.009635760791545376 0.001267864431892013 0.0007358858946052406 0.0 0.0 0.0 0.0 0.0 0.0 0.0 0.0 0.0 0.0 0.0 0.0 0.0 0.0 0.0 0.0 0.0 0.0 0.0 0.0 0.0 0.0 0.0 0.0 0.0 0.0 0.0 0.007 0.023 0.34 0.007 0.023 0.34 0.007 0.023 0.34 0.007 0.023 0.34 0.007 0.023 0.34 0.007 0.023 0.34 0.007 0.023 0.34 0.007 0.023 0.34 0.007 0.023 0.34 0.007 0.023 0.34 0.007 0.023 0.34 0.007 0.023 0.34 0.007 0.023 0.34 0.007 0.023 0.34 0.007 0.023 0.34 0.007 0.023 0.34 0.0 0.0 0.0 0.0 0.0 0.0 0.0 0.0 0.0 0.0 0.0 0.0 0.0 0.0 0.0 0.0 0.0 0.0 0.0 0.0 0.0 0.0 0.0 0.0 0.0 0.0 0.0 0.0 0.0 0.0 0.0 0.0 0.0 0.0 0.0 0.0 0.0 0.0 0.0 0.0 0.0 0.0 0.0 0.0 0.0 0.007 0.023 0.34 0.007 0.023 0.34 0.007 0.023 0.34 0.007 0.023 0.34 0.007 0.023 0.34 0.007 0.023 0.34 0.007 0.023 0.34 0.007 0.023 0.34 0.00741678232467951 0.0009749475591250149 0.0005654159769049027 0.007854075693427632 0.0010340994279070055 0.0006005279731319061 0.008281257479867177 0.001094890786699131 0.0006380265190833351 0.054275530861188366 0.007134023409392625 0.004137061078379883 0.09572375631747987 0.01258166607913034 0.00729601175802517 0.14363330498690835 0.01887897527861826 0.01094787491767197 0.1985404366029008 0.026098798104721682 0.015136036775852188 0.25952551188184003 0.03411613252207096 0.01978601336563623 0.32053224150671566 0.04212987258579368 0.024430790447321833 0.0 0.0 0.0 0.007 0.023 0.34 0.007 0.023 0.34 0.007 0.023 0.34 0.007 0.023 0.34 0.041363083359694144 0.03640849215977859 0.0699839669151589 0.04961345238417802 0.042828879488649954 0.08880547912894363 0.05471636936763746 0.04753761909234679 0.09618541644186562 0.052148631079961545 0.04619015372429283 0.08656860231136697 0.007 0.023 0.34 0.007 0.023 0.34 0.007 0.023 0.34 0.007 0.023 0.34 0.05417488748136009 0.9418592648584053 0.3342286518225044 0.04851469693268047 0.9678845246537457 0.33856484047102026 0.04496053966149577 0.8996476323002601 0.31460405680273146 0.03967325295157854 0.7566147709165181 0.2658596949297648 0.007 0.023 0.34 0.007 0.023 0.34 0.0 0.0 0.0 0.0 0.0 0.0 0.0 0.0 0.0 0.0 0.0 0.0 0.0 0.0 0.0 0.0 0.0 0.0 0.0 0.0 0.0 0.0 0.0 0.0 0.0 0.0 0.0 0.0 0.0 0.0 0.0 0.0 0.0 0.0 0.0 0.0 0.0 0.0 0.0 0.007 0.023 0.34 0.007 0.023 0.34 0.007 0.023 0.34 0.007 0.023 0.34 0.007 0.023 0.34 0.007 0.023 0.34 0.007 0.023 0.34 0.007 0.023 0.34 0.005241170148374738 0.0006888849270294297 0.00039947909200498794 0.005730162464247935 0.0007532963706945843 0.000436898338151275 0.006157652280189997 0.0008103553805476351 0.00047040767316139365 0.017778793149676522 0.0023446641832835726 0.001363458752558418 0.04438358575351156 0.005833717594936148 0.003382957978161163 0.08265443441829676 0.010863870959441663 0.006299875745067737 0.12691996792126445 0.016682808183578094 0.009674618732922424 0.17782087285967427 0.023382263066048233 0.013564021753363142 0.23509226786415033 0.03092673882147313 0.01794717085882658 0.2954911466703018 0.03884609955563362 0.022530211918180654 0.3434717901914382 0.0451560668165855 0.02619101809349477 0.007 0.023 0.34 0.007 0.023 0.34 0.007 0.023 0.34 0.03578542544372724 0.0314447365822723 0.06086001695721515 0.0435295572179057 0.03651148344347754 0.08407043418975205 0.052391928261387444 0.04395012570938924 0.10115717207062104 0.06064601596742542 0.051751012840163986 0.11202923578487135 0.060948040627635584 0.05267761977537621 0.1087232742677464 0.05173970477718513 0.0457803958568946 0.08616447965701474 0.007 0.023 0.34 0.007 0.023 0.34 0.03646627779170916 0.6942835709104501 0.24399973662192562 0.04257882142426544 0.8553099758290987 0.29898574373705994 0.04177632472238043 0.8338768390483291 0.29167452776275626 0.03884474210261532 0.7778665386440226 0.27199724689618265 0.03458029177811638 0.6954665887280718 0.24308198447344673 0.029245353702987836 0.5887211944528938 0.2057532649077677 0.022212004220957836 0.436689380313421 0.1529746405443761 0.1278385306891077 0.28007168836643426 0.21895936726876786 0.0 0.0 0.0 0.0 0.0 0.0 0.0 0.0 0.0 0.0 0.0 0.0 0.0 0.0 0.0 0.007 0.023 0.34 0.007 0.023 0.34 0.007 0.023 0.34 0.007 0.023 0.34 0.007 0.023 0.34 0.007 0.023 0.34 0.007 0.023 0.34 0.007 0.023 0.34 0.007 0.023 0.34 0.007 0.023 0.34 0.007 0.023 0.34 0.007 0.023 0.34 0.007 0.023 0.34 0.007 0.023 0.34 0.007 0.023 0.34 0.0036551661681766797 0.0004804254864687309 0.00027859532133153183 0.004114925904317581 0.0005409086402421461 0.00031369496614027395 0.004532204480581029 0.0005960303841711372 0.0003457930427515598 0.007928832713012783 0.0010477336232568896 0.0006102763614361516 0.038836478857412364 0.005106707495405837 0.002962379499340552 0.06865907584138589 0.009024359800540059 0.0052331573707533495 0.10922410046716884 0.014356987124889784 0.008325929135718576 0.1558233866307952 0.02049246947702602 0.011888975807546371 0.20844322368695534 0.027434613940334904 0.015927218137298426 0.2650499792585746 0.03486492486812221 0.020231198149142916 0.3166984033912989 0.04162596331430849 0.024138577234144074 0.007 0.023 0.34 0.007 0.023 0.34 0.02623775283245569 0.025107165237581774 0.03276874895231535 0.035300963963231916 0.029621985841740275 0.0681063690856594 0.04182501150942379 0.03393872414989553 0.0873812447271792 0.05184264160387311 0.04264079185299646 0.10499840352005535 0.06338983405980657 0.05370762012852036 0.11932048631849619 0.06443885506726246 0.05520311588418624 0.11779038399097522 0.05581303780224472 0.048221761550093785 0.09966509842308455 0.007 0.023 0.34 0.026183913923039235 0.5215830275933006 0.18247638698037882 0.03141841132535471 0.6325650313717833 0.22107295313717895 0.03513648602798967 0.6750115910648745 0.23700939991577064 0.03482381896544118 0.653422362500511 0.2299842331262069 0.03194171678546453 0.6112480839843037 0.21470592101784086 0.02798640932474699 0.5537243557504206 0.19385041989632715 0.024094408046414748 0.48408802056606204 0.16921687053658338 0.01993716748496597 0.4013568078886066 0.14027048505929804 0.0145707623256141 0.29101700804024516 0.10178623408948767 0.0018841088662204964 0.011843861627030236 0.007845628797477442 0.001839165121779016 0.011557246249365204 0.007656029829871117 0.0017514651211166324 0.011015417996422073 0.007296506352026509 0.0 0.0 0.0 0.007 0.023 0.34 0.007 0.023 0.34 0.007 0.023 0.34 0.007 0.023 0.34 0.007 0.023 0.34 0.007 0.023 0.34 0.007 0.023 0.34 0.007 0.023 0.34 0.007 0.023 0.34 0.007 0.023 0.34 0.007 0.023 0.34 0.007 0.023 0.34 0.007 0.023 0.34 0.007 0.023 0.34 0.007 0.023 0.34 0.007 0.023 0.34 0.0021130833165061945 0.00027773789309006676 0.00016105810502857498 0.0025604286748983564 0.00033654268004786606 0.0001951619114789171 0.002968249837198663 0.00039019183462742367 0.00022629502397128427 0.0033571262389453286 0.00044143877942653985 0.0002560775986429333 0.02595806675727226 0.003412426497447428 0.0019791156374510434 0.05436855783114406 0.007146053057228113 0.004143941422842853 0.09132907922070592 0.0120044747302126 0.006961512287325408 0.1336387115361669 0.017572470271877826 0.010193704259208436 0.18134832077039986 0.02386338669805137 0.01385147913231495 0.23301605627969157 0.030654245422325883 0.017789346585664934 0.2825048433985497 0.037131912235364044 0.02153263526064698 0.2944855427445201 0.03983598158218383 0.02364695446647636 0.007 0.023 0.34 0.028368473644854876 0.02534918972457869 0.04580978616012043 0.03289998347552594 0.026749456666356395 0.06842935502347638 0.03848825975335253 0.03032132446362335 0.08566569468205831 0.04792661571301984 0.03850907358116896 0.1023283545969425 0.06039584680287159 0.05048950540766974 0.11762120245634802 0.062203227107211954 0.05265326485924403 0.11736990916623478 0.05411251594907792 0.04595084775379089 0.10125952477588715 0.017340746597270414 0.3257275831488918 0.1146330913208896 0.02259572706462582 0.455032606008429 0.15902437093238656 0.024969295085500772 0.500442097464163 0.17497525614728743 0.02811075430244845 0.5158226916145436 0.18197801550394815 0.027758816780943565 0.4979618900529713 0.17610224157310272 0.025396316717286063 0.4667719892701303 0.1646450426577734 0.022099764242462686 0.42545042400676236 0.14935205514145683 0.018906244405812168 0.37643174327137524 0.13170124717594392 0.015918748497871532 0.3202183073186934 0.11192160616551665 0.012629425966785695 0.2543075193990733 0.08887596308000396 0.008134943621890373 0.15640350262163658 0.05491189401050689 0.001310841828413086 0.008246267607361205 0.005462117468069726 0.0012307797186065007 0.0077434403296897355 0.005129004601382426 0.0 0.0 0.0 0.0 0.0 0.0 0.007 0.023 0.34 0.007 0.023 0.34 0.007 0.023 0.34 0.007 0.023 0.34 0.007 0.023 0.34 0.007 0.023 0.34 0.007 0.023 0.34 0.007 0.023 0.34 0.007 0.023 0.34 0.007 0.023 0.34 0.007 0.023 0.34 0.007 0.023 0.34 0.007 0.023 0.34 0.007 0.023 0.34 0.007 0.023 0.34 0.0006200290711874131 8.149490819326624e-05 4.725827284367999e-05 0.0010589043258387245 0.00013917952186307152 8.070916863493962e-05 0.0014582090429597124 0.00019166487459463313 0.00011114591437607496 0.0018365810744119854 0.00024140740295001015 0.00013999623340513965 0.013053021651115273 0.0017161039330249419 0.000995373579086856 0.04015415826763533 0.005277751636618552 0.003060527738525774 0.07368402498002061 0.00968491292437068 0.005616249480691599 0.11187122976815317 0.014706860639164026 0.008529757488740583 0.15474246039119835 0.02035147562728412 0.011807736983011815 0.20114355812259813 0.02645165426004798 0.015345835127210328 0.2463665901241383 0.03238209424980252 0.01877829776086128 0.2680832709380301 0.03534632476525883 0.020550364720324666 0.007 0.023 0.34 0.026717613130915682 0.02336679260305058 0.04607409286327434 0.030016887971151967 0.023885173597946938 0.06543758687237747 0.03443580012789396 0.026410978398727292 0.08079229635461728 0.04146684980044248 0.03224682337961018 0.09472761177278183 0.05077477821103325 0.041071690132422026 0.1068260128782007 0.05341368910547593 0.04401720014719619 0.10769381141096862 0.04857662785925682 0.04042795379534815 0.09564857428311932 0.01514236642933783 0.3049697646746429 0.10657943117484223 0.017729610743859033 0.3568439855459453 0.1247161248989676 0.019237903083408944 0.38158327431376904 0.1335535177216843 0.02136835165214739 0.38678015611115385 0.13665138916128675 0.020953699583354676 0.3726479470420477 0.13190901253925424 0.019239163357797243 0.3495795243151214 0.12345758147761501 0.016834491644637482 0.31947754248348564 0.11231474093047951 0.014396808367611293 0.28390941273883863 0.0994247995265549 0.012131513981598074 0.24350544211431038 0.08512721064512152 0.009812071565392932 0.19754182744577103 0.06903855583505235 0.007053951998922585 0.14201474575220577 0.04963246221305665 0.0007902595965351821 0.0049720982013858285 0.003293345244425303 0.0007146772841053062 0.004496555754144238 0.0029783623793260454 0.0 0.0 0.0 0.0 0.0 0.0 0.007 0.023 0.34 0.007 0.023 0.34 0.007 0.023 0.34 0.007 0.023 0.34 0.007 0.023 0.34 0.007 0.023 0.34 0.007 0.023 0.34 0.007 0.023 0.34 0.007 0.023 0.34 0.007 0.023 0.34 0.007 0.023 0.34 0.007 0.023 0.34 0.007 0.023 0.34 0.007 0.023 0.34 0.0 0.0 0.0 0.0 0.0 0.0 0.0 0.0 0.0 0.0 0.0 0.0 0.0003645829472458811 4.791978722432844e-05 2.778832318121367e-05 0.0007178594673464574 9.43537957567298e-05 5.471520310379091e-05 0.02623843506371103 0.003448713303705867 0.001999885267843064 0.056547783437436605 0.0074324873409109 0.004310043867325762 0.09085354977766798 0.011942084049311562 0.006925386386117116 0.12911806370316795 0.016974333703928663 0.009844936435276381 0.17030834552653562 0.022388735480415558 0.012984931417093665 0.2104805197706592 0.027665043189961998 0.016042778089535702 0.2325303382906039 0.030598667341433523 0.0177611141110463 0.007 0.023 0.34 0.024629780818670902 0.02146940348491387 0.042886139014748026 0.02713372852727839 0.02138575258535949 0.06033770913340334 0.03046926432639801 0.02292570673425417 0.07404567148636117 0.03503722510647703 0.026352994769596787 0.08520288665387571 0.04042926609812006 0.03127914934606827 0.09328618516822312 0.04304161510332617 0.0341732208798837 0.09427112489566367 0.008633737571071309 0.1711295884871125 0.05989922775951169 0.011827149382600152 0.2382000714002773 0.08324508865430486 0.013364939512130688 0.2685510345294811 0.09387308896080651 0.014388151176302757 0.2836323118899166 0.09933145158395672 0.015583281885497157 0.2845395210093118 0.10043574648809096 0.0151748590505845 0.27350127662827367 0.09667374256722598 0.013981063812015422 0.25626175740742707 0.09041771404243659 0.012322988902759152 0.2339743936623242 0.08225134616171843 0.010565784434116281 0.20761056227670768 0.07273104630527694 0.008869163523609627 0.17766200238126822 0.06212127781179093 0.007149295940417153 0.14391375499631348 0.05029684090438073 0.005206141309941381 0.10484478718241137 0.03664093791286404 0.002649764151618415 0.05151728423400097 0.018066880079158 0.00020438013624120166 0.001285695408681945 0.0008516133260040303 0.0 0.0 0.0 0.0 0.0 0.0 0.007 0.023 0.34 0.007 0.023 0.34 0.007 0.023 0.34 0.007 0.023 0.34 0.007 0.023 0.34 0.007 0.023 0.34 0.007 0.023 0.34 0.007 0.023 0.34 0.007 0.023 0.34 0.007 0.023 0.34 0.007 0.023 0.34 0.007 0.023 0.34 0.007 0.023 0.34 0.007 0.023 0.34 0.0 0.0 0.0 0.0 0.0 0.0 0.0 0.0 0.0 0.0 0.0 0.0 0.0 0.0 0.0 0.0 0.0 0.0 0.012752018458328086 0.0016762315731511347 0.000972102285067967 0.040063089677165584 0.005265781827057574 0.00305358653495613 0.07075553908962615 0.00929993910496467 0.005392976257581186 0.10471053404330673 0.013763267011914796 0.007981408345635427 0.14091960456352365 0.018522522086666434 0.010741280767981625 0.1758229468260937 0.023109682659452315 0.01340112803545316 0.1945239555677781 0.025601411334914725 0.014862372019245987 0.007 0.023 0.34 0.022566160180491412 0.019964316894171483 0.03759606895048228 0.024449127709468475 0.019383536061557762 0.053711220754977064 0.026963098423673074 0.020185783619457574 0.06611319779685343 0.029986356117930567 0.022124079895338072 0.07540388567143926 0.03310836889670569 0.024806782639195855 0.08106363382469506 0.03514966165832009 0.027123357871753778 0.08151471919525986 0.006830689201634199 0.13750576259680453 0.04805710609319626 0.00868612858965509 0.17493639866233318 0.06113609294991485 0.009702810240306978 0.19474088033385217 0.06808009995812182 0.01037641364860403 0.2046135000434757 0.07165588257456751 0.010949964656088704 0.2037832576586701 0.07178655361943556 0.010586109354602906 0.19517268446420136 0.06882095782521563 0.009756671386327603 0.18210668099970256 0.06413103034382052 0.00862598282952708 0.16530950654260526 0.058057753562881426 0.007383954461924286 0.14538633835844073 0.05092204985171768 0.006126880546020018 0.12267810013173532 0.04289739111868354 0.004825650059304994 0.09713111725368777 0.03394691682468242 0.0033776275881073486 0.06801981034804808 0.0237714602143407 0.0016118162237201414 0.03226474147317063 0.01128244614912442 0.0 0.0 0.0 0.0 0.0 0.0 0.0 0.0 0.0 0.007 0.023 0.34 0.007 0.023 0.34 0.007 0.023 0.34 0.007 0.023 0.34 0.007 0.023 0.34 0.007 0.023 0.34 0.007 0.023 0.34 0.007 0.023 0.34 0.007 0.023 0.34 0.007 0.023 0.34 0.007 0.023 0.34 0.007 0.023 0.34 0.007 0.023 0.34 0.007 0.023 0.34 0.0 0.0 0.0 0.0 0.0 0.0 0.0 0.0 0.0 0.0 0.0 0.0 0.0 0.0 0.0 0.0 0.0 0.0 0.0 0.0 0.0 0.024298506716496488 0.003193745518834358 0.001852036741721347 0.05164707876788101 0.006788349350553819 0.0039365117758158145 0.08160410382464181 0.010725823138484507 0.006219825159515131 0.11312489334453105 0.01486882765896417 0.008622321266391432 0.14277817525581507 0.018766370821134564 0.010882475575067314 0.15591002424689565 0.02055639791256512 0.011951460535355504 0.007 0.023 0.34 0.021079847702138596 0.019194109597837194 0.031973075522878494 0.022056193780257943 0.017920369993469652 0.04594735376326651 0.02393208426892148 0.018167506059847967 0.057231970174962454 0.026096360402805854 0.019303123153021635 0.06533843799218056 0.028161687258464616 0.020963523969442073 0.06974287630022581 0.02970497928756402 0.022791545157561766 0.06964139083379661 0.004746231323241376 0.0955923017728207 0.033407075935806926 0.005978080054078905 0.120395848012037 0.042075512250440934 0.006686107014552511 0.134216427767215 0.0469203922004081 0.007122885856512017 0.1410605427827727 0.04937860868455919 0.0073473387378113555 0.13966747912654717 0.049092754516683684 0.007039782737770816 0.1329280254831618 0.04675601202560888 0.006452885778998169 0.12287969090511493 0.043184145083263806 0.0056696290644353145 0.10999617439472185 0.0385834016676945 0.004784311670245635 0.0946640668536992 0.03314029541703986 0.0038475520784842406 0.07711229519707884 0.0269616989833523 0.0028483208710962677 0.05733585679267339 0.020038484327166112 0.0017348748583384367 0.03493784273515381 0.012210012619212464 0.00041945800210164345 0.008395887511319592 0.0029359257545913896 0.0 0.0 0.0 0.0 0.0 0.0 0.0 0.0 0.0 0.007 0.023 0.34 0.007 0.023 0.34 0.007 0.023 0.34 0.007 0.023 0.34 0.007 0.023 0.34 0.007 0.023 0.34 0.007 0.023 0.34 0.007 0.023 0.34 0.007 0.023 0.34 0.007 0.023 0.34 0.007 0.023 0.34 0.007 0.023 0.34 0.007 0.023 0.34 0.007 0.023 0.34 0.0 0.0 0.0 0.0 0.0 0.0 0.0 0.0 0.0 0.0 0.0 0.0 0.0 0.0 0.0 0.0 0.0 0.0 0.0 0.0 0.0 0.00927304609753356 0.0012193061933027547 0.0007072997594517629 0.033533926178059656 0.004407620195638098 0.0025559517490970785 0.05979118602566204 0.00785878842102797 0.004557251245123852 0.08691677962310126 0.011424101798840756 0.006624749297482183 0.11138379265582801 0.014640360098098068 0.0084900174633221 0.11608581224120362 0.015436495360740926 0.009037841018994346 0.007 0.023 0.34 0.020188197907908892 0.01921138568800693 0.02583088923667997 0.020672937770047625 0.017450724420238872 0.03928650029308929 0.02179998701432352 0.017080481445523682 0.04906286580163692 0.02328799518140754 0.017643353656250603 0.05589505019063029 0.024776090819047542 0.018785604791680968 0.059380964583974793 0.0011239435140155667 0.02028909552755023 0.007170318895116688 0.0028234174823418756 0.056867483684155395 0.01987367156571545 0.0037043450547006055 0.07460633946702394 0.026073073107725598 0.004217639989858065 0.08474841583187533 0.029624132989667196 0.004507403659366047 0.08974365048457858 0.031398416264821136 0.004560926141596629 0.08832360806065007 0.030987046709422025 0.004308176217776774 0.08302228456575629 0.029141532432454258 0.0038807570469388563 0.075188118719019 0.026377373603951027 0.00332049637238602 0.06514420231163873 0.022825133397729937 0.0026724596680408066 0.05314645453170242 0.018596399103216844 0.001960738443333516 0.0393493085405167 0.013756383456247162 0.0011801517627034542 0.02375956674384928 0.008303686121588338 0.0003046697031910175 0.006134766912829414 0.0021439953820528023 0.0001908917803650479 0.003844670575698622 0.001343615126388733 0.00018209781725130657 0.0036677831752760814 0.0012817897017791042 0.0 0.0 0.0 0.007 0.023 0.34 0.007 0.023 0.34 0.007 0.023 0.34 0.007 0.023 0.34 0.007 0.023 0.34 0.007 0.023 0.34 0.007 0.023 0.34 0.007 0.023 0.34 0.007 0.023 0.34 0.007 0.023 0.34 0.007 0.023 0.34 0.007 0.023 0.34 0.007 0.023 0.34 0.007 0.023 0.34 0.007 0.023 0.34 0.007 0.023 0.34 0.0 0.0 0.0 0.0 0.0 0.0 0.0 0.0 0.0 0.0 0.0 0.0 0.0 0.0 0.0 0.0 0.0 0.0 0.0 0.0 0.0 0.016376753443053078 0.002153125704506172 0.0012488763742028995 0.039200808899093144 0.005152601207013091 0.0029880290198380463 0.06217860556694182 0.0081728621505182 0.004739514609757801 0.08140071902926826 0.0107046643417782 0.006210251152588729 0.007 0.023 0.34 0.007 0.023 0.34 0.0 0.0 0.0 0.019734174221705546 0.017658575350119624 0.03172415910936432 0.020337917121872898 0.016794584777607625 0.04080646807422125 0.021383241218722877 0.016963496411721127 0.04691451037130665 0.0635726185723479 0.21343870207566146 0.23346552128333625 0.00014548410558992125 0.0029303160420670145 0.0010240651494203047 0.001146959036842659 0.023100849742815125 0.008073147996378854 0.0018094817398094589 0.036445146632835275 0.012736618209656637 0.002197367863822489 0.044199983420796035 0.015448688827318513 0.002401203830162719 0.04802159885906988 0.016793890785324474 0.002385184804275894 0.04680189613183686 0.01639812400198117 0.002180580835594003 0.04261011161230746 0.014935612435925444 0.0018590772113352173 0.03642719465161507 0.012764903270753573 0.0014421870436638286 0.028482654304172163 0.009973129841401362 0.0009509611943397339 0.018952994655250393 0.006630386635418401 0.00039612718087053754 0.00794483664647184 0.0027776543944122594 0.00014350147811535642 0.0028893062068905914 0.001009769906440526 0.00013925880618536734 0.002804597617966889 0.0009801412036987318 0.0001337087504573413 0.0026931042434609792 0.000941167302754223 0.00012510395527745352 0.0025198225330395245 0.0008806089177750416 0.0 0.0 0.0 0.007 0.023 0.34 0.007 0.023 0.34 0.007 0.023 0.34 0.007 0.023 0.34 0.007 0.023 0.34 0.007 0.023 0.34 0.007 0.023 0.34 0.007 0.023 0.34 0.007 0.023 0.34 0.007 0.023 0.34 0.007 0.023 0.34 0.007 0.023 0.34 0.007 0.023 0.34 0.007 0.023 0.34 
