50 50
25
[ 4. -2. -7.] 1 (0.35256490436935095, 0.1477983236636512, 0.13893791117291487) 0 0.09053947951946473 1 
[-6.  3.  4.] 0 (0.10591989448834582, 0.236077815813312, 0.07598095896445844) 0 0.5808764196029866 1 
[-2. -3. -1.] 3 (0.2183142988018153, 0.7936083368397233, 0.730806072825234) 0 0.057166821091976905 1 
[5. 2. 3.] 3 (0.7849262781807059, 0.9118656434235811, 0.5507281983964214) 0 0.9705441800512142 1 
[-8.  0. -8.] 1 (0.4142485984088943, 0.2359166209901078, 0.041275815384860026) 0 0.7927237025029467 1 
[7. 4. 0.] 0 (0.41571938681241283, 0.9274360474107488, 0.6066103360827089) 0 0.9579898988373439 1 
[-9.  1.  3.] 4 (0.725534683562473, 0.9930461360061639, 0.26718639708938463) 0 0.3290516338851577 1 
[ 7. -3. -6.] 3 (0.49226793695276505, 0.22467603497335986, 0.7083764994866946) 0 0.35528685658433956 1 
[ 2. -2.  4.] 3 (0.4124889769294927, 0.3102130549882016, 0.09305416791425103) 0 0.996522137087511 1 
[-10.  -6.  -4.] 1 (0.04293786093562546, 0.33926872581826706, 0.5084853297807216) 0 0.09382088458826698 1 
[9. 4. 2.] 1 (0.49731561723819373, 0.4104588872406537, 0.5493158710697292) 0 0.3986730177357597 1 
[ 1. -3. -6.] 0 (0.25833107950598033, 0.8674561489314266, 0.7893392859731978) 0 0.364372295569075 1 
[ 1. -5.  1.] 3 (0.8924661811810202, 0.31669771164419847, 0.8539251788476466) 0 0.6880984165011358 1 
[ 2.  0. -2.] 1 (0.9002908744104853, 0.9480613333901969, 0.37187145832276125) 0 0.667586435143989 1 
[-6.  5. -8.] 3 (0.9295074138783759, 0.11535639613926962, 0.8984565428556257) 0 0.8529066147437563 1 
[ 2. -3. -5.] 3 (0.8307871282855338, 0.10998391020454501, 0.9497113222268625) 0 0.3772362949917374 1 
[-1. -3.  5.] 0 (0.6792849394414716, 0.3012224140888191, 0.3777322562030393) 0 0.801541344290552 1 
[-1.  4. -1.] 1 (0.5941729718716564, 0.3925951834467517, 0.26122431248912836) 0 0.767378966135224 1 
[-10.  -3. -10.] 3 (0.32279982407650487, 0.5394187082862913, 0.5623778880121654) 0 0.6187700835106833 1 
[ 4.  1. -3.] 4 (0.45590525689997696, 0.06450014906141222, 0.2097981269076995) 0 0.3848472166398591 1 
[-5. -4. -6.] 4 (0.2209878928960327, 0.43106085333849864, 0.21720018484369796) 0 0.637858684473908 1 
[-4. -2. -7.] 3 (0.990186661848158, 0.18814868066398516, 0.4700108449035775) 0 0.913307424343697 1 
[ 5. -8.  0.] 3 (0.6216800242226986, 0.04261419774513919, 0.21995894055055998) 0 0.7939014011147938 1 
[-7.  3. -3.] 0 (0.8207263328017701, 0.36878868431778034, 0.08182286499464597) 0 0.8791445801769157 1 
[ 4.  9. -1.] 1 (0.5159268859159393, 0.8452434799435847, 0.30545730128803694) 0 0.038515133688596714 1 
2
[ 0. 10.  0.] 50
[ 0.  0. 50.] 100
0.007 0.023 0.34 0.007 0.023 0.34 0.007 0.023 0.34 0.007 0.023 0.34 0.007 0.023 0.34 0.007 0.023 0.34 0.007 0.023 0.34 0.007 0.023 0.34 0.007 0.023 0.34 0.007 0.023 0.34 0.007 0.023 0.34 0.007 0.023 0.34 0.007 0.023 0.34 0.007 0.023 0.34 0.007 0.023 0.34 0.007 0.023 0.34 0.007 0.023 0.34 0.007 0.023 0.34 0.007 0.023 0.34 0.007 0.023 0.34 0.007 0.023 0.34 0.007 0.023 0.34 0.007 0.023 0.34 0.007 0.023 0.34 0.007 0.023 0.34 0.007 0.023 0.34 0.007 0.023 0.34 0.007 0.023 0.34 0.007 0.023 0.34 0.007 0.023 0.34 0.007 0.023 0.34 0.007 0.023 0.34 0.007 0.023 0.34 0.007 0.023 0.34 0.007 0.023 0.34 0.007 0.023 0.34 0.007 0.023 0.34 0.007 0.023 0.34 0.007 0.023 0.34 0.007 0.023 0.34 0.007 0.023 0.34 0.007 0.023 0.34 0.007 0.023 0.34 0.007 0.023 0.34 0.007 0.023 0.34 0.007 0.023 0.34 0.007 0.023 0.34 0.007 0.023 0.34 0.007 0.023 0.34 0.007 0.023 0.34 0.007 0.023 0.34 0.007 0.023 0.34 0.007 0.023 0.34 0.007 0.023 0.34 0.007 0.023 0.34 0.007 0.023 0.34 0.007 0.023 0.34 0.007 0.023 0.34 0.007 0.023 0.34 0.007 0.023 0.34 0.007 0.023 0.34 0.007 0.023 0.34 0.007 0.023 0.34 0.007 0.023 0.34 0.007 0.023 0.34 0.007 0.023 0.34 0.007 0.023 0.34 0.007 0.023 0.34 0.007 0.023 0.34 0.007 0.023 0.34 0.007 0.023 0.34 0.007 0.023 0.34 0.007 0.023 0.34 0.007 0.023 0.34 0.007 0.023 0.34 0.007 0.023 0.34 0.007 0.023 0.34 0.007 0.023 0.34 0.007 0.023 0.34 0.007 0.023 0.34 0.007 0.023 0.34 0.007 0.023 0.34 0.007 0.023 0.34 0.007 0.023 0.34 0.007 0.023 0.34 0.007 0.023 0.34 0.007 0.023 0.34 0.007 0.023 0.34 0.007 0.023 0.34 0.007 0.023 0.34 0.007 0.023 0.34 0.007 0.023 0.34 0.007 0.023 0.34 0.007 0.023 0.34 0.007 0.023 0.34 0.007 0.023 0.34 0.007 0.023 0.34 0.007 0.023 0.34 0.007 0.023 0.34 0.007 0.023 0.34 0.007 0.023 0.34 0.007 0.023 0.34 0.007 0.023 0.34 0.007 0.023 0.34 0.007 0.023 0.34 0.007 0.023 0.34 0.007 0.023 0.34 0.007 0.023 0.34 0.007 0.023 0.34 0.007 0.023 0.34 0.007 0.023 0.34 0.007 0.023 0.34 0.007 0.023 0.34 0.007 0.023 0.34 0.007 0.023 0.34 0.007 0.023 0.34 0.007 0.023 0.34 0.007 0.023 0.34 0.007 0.023 0.34 0.007 0.023 0.34 0.007 0.023 0.34 0.007 0.023 0.34 0.007 0.023 0.34 0.007 0.023 0.34 0.007 0.023 0.34 0.007 0.023 0.34 0.007 0.023 0.34 0.007 0.023 0.34 0.007 0.023 0.34 0.007 0.023 0.34 0.007 0.023 0.34 0.007 0.023 0.34 0.007 0.023 0.34 0.007 0.023 0.34 0.007 0.023 0.34 0.007 0.023 0.34 0.007 0.023 0.34 0.007 0.023 0.34 0.007 0.023 0.34 0.007 0.023 0.34 0.007 0.023 0.34 0.007 0.023 0.34 0.007 0.023 0.34 0.007 0.023 0.34 0.007 0.023 0.34 0.007 0.023 0.34 0.007 0.023 0.34 0.007 0.023 0.34 0.007 0.023 0.34 0.007 0.023 0.34 0.007 0.023 0.34 0.007 0.023 0.34 0.007 0.023 0.34 0.007 0.023 0.34 0.007 0.023 0.34 0.007 0.023 0.34 0.007 0.023 0.34 0.007 0.023 0.34 0.007 0.023 0.34 0.007 0.023 0.34 0.007 0.023 0.34 0.007 0.023 0.34 0.007 0.023 0.34 0.007 0.023 0.34 0.007 0.023 0.34 0.007 0.023 0.34 0.007 0.023 0.34 0.007 0.023 0.34 0.007 0.023 0.34 0.007 0.023 0.34 0.007 0.023 0.34 0.007 0.023 0.34 0.007 0.023 0.34 0.007 0.023 0.34 0.007 0.023 0.34 0.007 0.023 0.34 0.007 0.023 0.34 0.007 0.023 0.34 0.007 0.023 0.34 0.007 0.023 0.34 0.007 0.023 0.34 0.007 0.023 0.34 0.007 0.023 0.34 0.007 0.023 0.34 0.007 0.023 0.34 0.007 0.023 0.34 0.007 0.023 0.34 0.007 0.023 0.34 0.007 0.023 0.34 0.007 0.023 0.34 0.007 0.023 0.34 0.007 0.023 0.34 0.007 0.023 0.34 0.007 0.023 0.34 0.007 0.023 0.34 0.007 0.023 0.34 0.007 0.023 0.34 0.007 0.023 0.34 0.007 0.023 0.34 0.007 0.023 0.34 0.007 0.023 0.34 0.007 0.023 0.34 0.007 0.023 0.34 0.007 0.023 0.34 0.007 0.023 0.34 0.007 0.023 0.34 0.007 0.023 0.34 0.007 0.023 0.34 0.007 0.023 0.34 0.007 0.023 0.34 0.007 0.023 0.34 0.007 0.023 0.34 0.007 0.023 0.34 0.007 0.023 0.34 0.007 0.023 0.34 0.007 0.023 0.34 0.007 0.023 0.34 0.007 0.023 0.34 0.007 0.023 0.34 0.007 0.023 0.34 0.007 0.023 0.34 0.007 0.023 0.34 0.007 0.023 0.34 0.007 0.023 0.34 0.007 0.023 0.34 0.007 0.023 0.34 0.007 0.023 0.34 0.007 0.023 0.34 0.007 0.023 0.34 0.007 0.023 0.34 0.007 0.023 0.34 0.007 0.023 0.34 0.007 0.023 0.34 0.007 0.023 0.34 0.007 0.023 0.34 0.007 0.023 0.34 0.007 0.023 0.34 0.007 0.023 0.34 0.007 0.023 0.34 0.007 0.023 0.34 0.007 0.023 0.34 0.007 0.023 0.34 0.007 0.023 0.34 0.007 0.023 0.34 0.007 0.023 0.34 0.007 0.023 0.34 0.007 0.023 0.34 0.007 0.023 0.34 0.007 0.023 0.34 0.007 0.023 0.34 0.007 0.023 0.34 0.007 0.023 0.34 0.007 0.023 0.34 0.007 0.023 0.34 0.007 0.023 0.34 0.007 0.023 0.34 0.007 0.023 0.34 0.007 0.023 0.34 0.007 0.023 0.34 0.007 0.023 0.34 0.007 0.023 0.34 0.007 0.023 0.34 0.007 0.023 0.34 0.007 0.023 0.34 0.007 0.023 0.34 0.007 0.023 0.34 0.007 0.023 0.34 0.007 0.023 0.34 0.007 0.023 0.34 0.007 0.023 0.34 0.007 0.023 0.34 0.007 0.023 0.34 0.007 0.023 0.34 0.007 0.023 0.34 0.007 0.023 0.34 0.007 0.023 0.34 0.007 0.023 0.34 0.007 0.023 0.34 0.007 0.023 0.34 0.007 0.023 0.34 0.007 0.023 0.34 0.007 0.023 0.34 0.007 0.023 0.34 0.007 0.023 0.34 0.007 0.023 0.34 0.007 0.023 0.34 0.007 0.023 0.34 0.007 0.023 0.34 0.007 0.023 0.34 0.007 0.023 0.34 0.007 0.023 0.34 0.007 0.023 0.34 0.007 0.023 0.34 0.007 0.023 0.34 0.007 0.023 0.34 0.007 0.023 0.34 0.007 0.023 0.34 0.007 0.023 0.34 0.007 0.023 0.34 0.007 0.023 0.34 0.007 0.023 0.34 0.007 0.023 0.34 0.007 0.023 0.34 0.007 0.023 0.34 0.007 0.023 0.34 0.007 0.023 0.34 0.007 0.023 0.34 0.007 0.023 0.34 0.007 0.023 0.34 0.007 0.023 0.34 0.007 0.023 0.34 0.007 0.023 0.34 0.007 0.023 0.34 0.007 0.023 0.34 0.007 0.023 0.34 0.007 0.023 0.34 0.007 0.023 0.34 0.007 0.023 0.34 0.007 0.023 0.34 0.007 0.023 0.34 0.007 0.023 0.34 0.007 0.023 0.34 0.007 0.023 0.34 0.007 0.023 0.34 0.007 0.023 0.34 0.007 0.023 0.34 0.007 0.023 0.34 0.007 0.023 0.34 0.007 0.023 0.34 0.007 0.023 0.34 0.007 0.023 0.34 0.007 0.023 0.34 0.007 0.023 0.34 0.007 0.023 0.34 0.007 0.023 0.34 0.007 0.023 0.34 0.007 0.023 0.34 0.007 0.023 0.34 0.007 0.023 0.34 0.007 0.023 0.34 0.007 0.023 0.34 0.007 0.023 0.34 0.007 0.023 0.34 0.007 0.023 0.34 0.007 0.023 0.34 0.007 0.023 0.34 0.007 0.023 0.34 0.007 0.023 0.34 0.007 0.023 0.34 0.007 0.023 0.34 0.007 0.023 0.34 0.007 0.023 0.34 0.007 0.023 0.34 0.007 0.023 0.34 0.007 0.023 0.34 0.007 0.023 0.34 0.007 0.023 0.34 0.007 0.023 0.34 0.007 0.023 0.34 0.007 0.023 0.34 0.007 0.023 0.34 0.007 0.023 0.34 0.007 0.023 0.34 0.007 0.023 0.34 0.007 0.023 0.34 0.007 0.023 0.34 0.007 0.023 0.34 0.007 0.023 0.34 0.007 0.023 0.34 0.007 0.023 0.34 0.007 0.023 0.34 0.007 0.023 0.34 0.007 0.023 0.34 0.007 0.023 0.34 0.007 0.023 0.34 0.007 0.023 0.34 0.007 0.023 0.34 0.007 0.023 0.34 0.007 0.023 0.34 0.007 0.023 0.34 0.007 0.023 0.34 0.007 0.023 0.34 0.007 0.023 0.34 0.007 0.023 0.34 0.007 0.023 0.34 0.007 0.023 0.34 0.007 0.023 0.34 0.007 0.023 0.34 0.007 0.023 0.34 0.007 0.023 0.34 0.007 0.023 0.34 0.007 0.023 0.34 0.007 0.023 0.34 0.007 0.023 0.34 0.007 0.023 0.34 0.021630018109745446 0.02955744356964885 0.008047340274841577 0.020759534933506567 0.028317900089701118 0.007809196971400471 0.020024663627317862 0.02730815505072167 0.0075452883222128534 0.019358171829403862 0.026416254405678973 0.007265007125353617 0.018780674380241988 0.025655727562980006 0.0070011082460308995 0.007 0.023 0.34 0.007 0.023 0.34 0.007 0.023 0.34 0.007 0.023 0.34 0.007 0.023 0.34 0.007 0.023 0.34 0.007 0.023 0.34 0.007 0.023 0.34 0.007 0.023 0.34 0.007 0.023 0.34 0.007 0.023 0.34 0.007 0.023 0.34 0.007 0.023 0.34 0.007 0.023 0.34 0.007 0.023 0.34 0.007 0.023 0.34 0.007 0.023 0.34 0.007 0.023 0.34 0.007 0.023 0.34 0.011901004780002104 0.008966521569563506 0.002735836027742268 0.011993893365961806 0.00906107977432042 0.002833939275681961 0.0121182712119661 0.009162697111427927 0.0028872300204943625 0.012230702501354522 0.009230192518466053 0.0028593146405588234 0.012566834152345501 0.009451617394336852 0.0028371866336774163 0.007 0.023 0.34 0.007 0.023 0.34 0.007 0.023 0.34 0.007 0.023 0.34 0.007 0.023 0.34 0.007 0.023 0.34 0.007 0.023 0.34 0.007 0.023 0.34 0.007 0.023 0.34 0.007 0.023 0.34 0.007 0.023 0.34 0.007 0.023 0.34 0.007 0.023 0.34 0.007 0.023 0.34 0.007 0.023 0.34 0.007 0.023 0.34 0.007 0.023 0.34 0.007 0.023 0.34 0.007 0.023 0.34 0.05153758281829272 0.06052703554572718 0.03613525063284095 0.05334282377559504 0.06469540206184693 0.03389156381262044 0.050200741404245096 0.06149383398651694 0.030851402948704445 0.0446329580758223 0.054529810792798894 0.027675906544514173 0.03766813165278336 0.04530627945061292 0.02458109585307198 0.01615403619085155 0.0220019581600319 0.006134334269617574 0.015589048080998034 0.021256231460787284 0.005879019715756617 0.007 0.023 0.34 0.007 0.023 0.34 0.007 0.023 0.34 0.007 0.023 0.34 0.007 0.023 0.34 0.007 0.023 0.34 0.007 0.023 0.34 0.007 0.023 0.34 0.007 0.023 0.34 0.007 0.023 0.34 0.007 0.023 0.34 0.0215742390033504 0.02504746085578997 0.0151662828350662 0.021810507475377654 0.025297627896170505 0.015376909001305476 0.022346489034774132 0.02591398183067205 0.015764606725492177 0.023238071417300624 0.026979449981776316 0.016335376781402636 0.007 0.023 0.34 0.007 0.023 0.34 0.009406512660552103 0.007079893647054655 0.002139864889296572 0.06656751781869198 0.06386903081660919 0.058139427767983545 0.07057889729337177 0.06582483295902505 0.05573069447237997 0.07385550675482364 0.06778837564917534 0.05490624842288031 0.07622770171763071 0.06958832972594957 0.05549118344540993 0.07742204163554274 0.07100376916076273 0.05737607574959345 0.07706221889197744 0.07175504949032664 0.06048652236390315 0.07417282032575755 0.07110950098191118 0.06460526218518213 0.007 0.023 0.34 0.007 0.023 0.34 0.007 0.023 0.34 0.007 0.023 0.34 0.007 0.023 0.34 0.007 0.023 0.34 0.007 0.023 0.34 0.007 0.023 0.34 0.007 0.023 0.34 0.007 0.023 0.34 0.007 0.023 0.34 0.007 0.023 0.34 0.007 0.023 0.34 0.007 0.023 0.34 0.007 0.023 0.34 0.007 0.023 0.34 0.05905461973920566 0.0677782678081954 0.04410771145662527 0.0764495916319055 0.09479111023015252 0.045023633812060836 0.07782308529296636 0.09886853405896956 0.04176427251378196 0.0744227757537927 0.09567484242725399 0.03800994835963398 0.06824938656754612 0.08814410293177156 0.03416221358069889 0.060286527439753705 0.0777679947344109 0.030334162760233888 0.051210674425308765 0.06556730980744867 0.026612328572030393 0.0415556498076022 0.05232627255696264 0.023101499765347255 0.031760259391014 0.03866779853766761 0.019925032514957572 0.007 0.023 0.34 0.007 0.023 0.34 0.007 0.023 0.34 0.007 0.023 0.34 0.007 0.023 0.34 0.007 0.023 0.34 0.007 0.023 0.34 0.007 0.023 0.34 0.007 0.023 0.34 0.016423708567481345 0.019067323330592436 0.011546344480892342 0.016474063914650488 0.019108596315787492 0.011613456424647322 0.016750599942606394 0.019412226826041497 0.011840004210462399 0.01714982138519658 0.019861015577139627 0.012147775940424623 0.0645135840776032 0.06784843052490179 0.05836092502784 0.07457727683200129 0.07903506804967925 0.06635282934668485 0.07825475438877295 0.08228913624173495 0.07081148033999797 0.019670839516693676 0.022825129325361685 0.013851300283456106 0.0071601570040793 0.005393877478958407 0.0016435979541555533 0.07372747254218641 0.06667178851732945 0.051690701460857746 0.07873519928383463 0.06952111996059696 0.0499571876755967 0.08300581654898512 0.07232849911491074 0.04965772453856562 0.08617792500029318 0.07478789854382195 0.05060385383337719 0.08795253110263349 0.0766643774481387 0.0526966356942491 0.08810468619607517 0.07779918314374913 0.05591786903674988 0.08636007653277519 0.07800660961124817 0.06026998553144602 0.008426985120782316 0.0063376702286352575 0.0019015010099785992 0.007 0.023 0.34 0.007 0.023 0.34 0.007 0.023 0.34 0.007 0.023 0.34 0.007 0.023 0.34 0.007 0.023 0.34 0.007 0.023 0.34 0.007 0.023 0.34 0.007 0.023 0.34 0.007 0.023 0.34 0.007 0.023 0.34 0.007 0.023 0.34 0.007 0.023 0.34 0.007 0.023 0.34 0.07883708369855845 0.0930600296099062 0.05446779846790889 0.10014328619536639 0.12627625873186551 0.05536762117940257 0.10341145833500094 0.13371305752616372 0.051493359353473225 0.10086034135130718 0.13221805205788728 0.04713272393984276 0.0948096347182219 0.12520838460267086 0.042725079858298654 0.08635265485529388 0.11439715336556706 0.03830182293853137 0.07624874322059912 0.10097812470864581 0.03387796048571271 0.06512273619122196 0.0859019893396054 0.029520017175830162 0.05350852723377395 0.0699502323585338 0.02533766837226128 0.041858062113696984 0.05376060724684208 0.021464500953566855 0.007 0.023 0.34 0.007 0.023 0.34 0.007 0.023 0.34 0.007 0.023 0.34 0.007 0.023 0.34 0.007 0.023 0.34 0.007 0.023 0.34 0.012954102408992781 0.015048337827097049 0.009090321362050874 0.012358861429668126 0.014350659914752255 0.008684072449658383 0.012360265183315037 0.014344594209194912 0.008699257058434951 0.012533110529946594 0.014536956921935781 0.008836093640909683 0.0635934635243703 0.06854532590297846 0.05445747439911222 0.08497137672500178 0.09368764504333606 0.06889020837243622 0.10436752608937255 0.11616834302931284 0.08259548821970164 0.11997135886683573 0.1338452931125601 0.0943745020274681 0.12974511599769442 0.14426304172737572 0.10296012048557082 0.13107490322000967 0.14425659837021476 0.10675519997765304 0.11869333483201094 0.1275880374358187 0.10228296232007676 0.005183192752452664 0.0039059252368898174 0.0011939478045616592 0.08875209790632745 0.07540040574680966 0.04705122487529207 0.09426182896124351 0.07924758435140467 0.04736836402425606 0.09834407834221195 0.0824688335886903 0.04876148177737876 0.10063577581064957 0.08477668088055137 0.05110361942433528 0.10091340721219348 0.08600961251824225 0.054364906633557794 0.0990536912539019 0.08609942826342472 0.05859409484301225 0.08672417539982373 0.08123395885881136 0.06957677414503659 0.007 0.023 0.34 0.007 0.023 0.34 0.007 0.023 0.34 0.007 0.023 0.34 0.007 0.023 0.34 0.007 0.023 0.34 0.007 0.023 0.34 0.007 0.023 0.34 0.007 0.023 0.34 0.007 0.023 0.34 0.007 0.023 0.34 0.007 0.023 0.34 0.007 0.023 0.34 0.007 0.023 0.34 0.12198991238993323 0.15368984925539142 0.06767593214399881 0.12953654613319457 0.16812106412899022 0.06342667477549796 0.12897820255814735 0.17022729850302193 0.05830290147406782 0.12386782940045092 0.16507615269634718 0.05326238728361727 0.11557210281495751 0.1548370708702608 0.048296363170289194 0.10494404018328332 0.1409256390221682 0.0432939537226432 0.09269875899404927 0.12448579603666168 0.03823554320479338 0.07947918286468592 0.10649283965078046 0.033194572668848454 0.06584985201990712 0.08776643911580861 0.02829844983140027 0.05228820473418817 0.06897539422679429 0.02369673831239939 0.007 0.023 0.34 0.007 0.023 0.34 0.007 0.023 0.34 0.007 0.023 0.34 0.007 0.023 0.34 0.007 0.023 0.34 0.007 0.023 0.34 0.00884848035479283 0.010277093504632658 0.006212745917276842 0.008771743933908298 0.010185061586121529 0.006164229081125859 0.008863254058907201 0.010288062551319819 0.006234539063011906 0.06766660663611215 0.07417755636895564 0.055654163355917566 0.09532023453463645 0.10688391439785586 0.07398570513924708 0.12271107313188022 0.1389704687137225 0.09271313501051971 0.14799243345707203 0.16829505753142784 0.11053489958884434 0.16911460054267355 0.19243005465048257 0.1260985150998328 0.1839122246611412 0.20875415010020068 0.13807986032844935 0.19007439759922082 0.21441992856375122 0.14515786132764943 0.1845237611630102 0.20567578070760195 0.1454991264374077 0.15990715163130703 0.1739267103266473 0.13404162347469722 0.10046348847567062 0.08327926951149175 0.04679261855137379 0.10745262595757114 0.0883888282553565 0.04791133351527236 0.11267530552647952 0.09260010813374861 0.049975143813233494 0.11563550127795395 0.09550511608358954 0.05276297343453622 0.11600611147623682 0.096841222526983 0.05614908427860041 0.11367965621868764 0.09654335255110831 0.06015843846400873 0.10048287232779345 0.09085692704738707 0.07041849418410073 0.08472750621507122 0.08158303748958838 0.07490649704973128 0.007 0.023 0.34 0.007 0.023 0.34 0.007 0.023 0.34 0.007 0.023 0.34 0.007 0.023 0.34 0.007 0.023 0.34 0.007 0.023 0.34 0.007 0.023 0.34 0.007 0.023 0.34 0.007 0.023 0.34 0.007 0.023 0.34 0.007 0.023 0.34 0.1376889344604855 0.17060981917540585 0.08128300880600163 0.1546979785054188 0.19936314829557789 0.07816965102135275 0.15771267603584563 0.2077707608227416 0.07194424565050395 0.15441893590178737 0.20613376884468906 0.0658118693702699 0.14703950542186517 0.19778059511657956 0.060100829328193744 0.13657066058216683 0.18444785775098263 0.05453891546246931 0.12376223013163183 0.1674514128454122 0.0489061376116827 0.10933777598949937 0.1479605646080212 0.04316233258175197 0.0939835650289136 0.1270102259083917 0.037396404801734416 0.07830634071728654 0.10547410808383066 0.03175768081504888 0.06281283608756612 0.0840573984077442 0.02641286648860468 0.007 0.023 0.34 0.007 0.023 0.34 0.007 0.023 0.34 0.007 0.023 0.34 0.007 0.023 0.34 0.007 0.023 0.34 0.005760055518540541 0.006691021518038159 0.004042460279194275 0.005568771684698118 0.006467903137235779 0.003909909918254916 0.0055902223839725046 0.006491776535919605 0.0039268908334831945 0.06313351912229909 0.06919653127705454 0.051947502856693105 0.09544272326108272 0.10755119323410758 0.07310307778245323 0.12941249469037747 0.14751815502543614 0.09600827153561249 0.1632733781348535 0.18708382839047258 0.11934404448806968 0.19491320487550629 0.22379478694000887 0.14162783474861898 0.22196947707847806 0.254851461256328 0.16130352417084032 0.2419955727363861 0.2772831949613669 0.17689131331747743 0.25257918843601346 0.2880823168755571 0.1870773286231245 0.25101976036332063 0.2838827728343111 0.1903888095002276 0.23262210509944178 0.2591314522957931 0.1837134139472394 0.18099033623809258 0.19515815717499047 0.15485127014302796 0.12237006866376675 0.09967265336906138 0.051480025512009954 0.12925564296510889 0.10540142830173725 0.05475260881424893 0.13328704086234944 0.10931843419732709 0.05842673017458241 0.1338106875737556 0.110839675787235 0.062066130070513266 0.13067200639616836 0.10984733245472725 0.06563103079775333 0.11441336278084643 0.1014537365592397 0.07393701557779518 0.09939659825369705 0.09263752257189428 0.07828621363379011 0.007 0.023 0.34 0.007 0.023 0.34 0.007 0.023 0.34 0.007 0.023 0.34 0.007 0.023 0.34 0.007 0.023 0.34 0.007 0.023 0.34 0.007 0.023 0.34 0.007 0.023 0.34 0.007 0.023 0.34 0.007 0.023 0.34 0.11875525850427765 0.1390955919265672 0.08390457497191525 0.17548669808345707 0.2218874032862189 0.09598474208661811 0.1858817195091624 0.24220142658276103 0.08938476210400657 0.1854539845153592 0.246288445793473 0.08122154575199016 0.17956935547055342 0.2412504092460402 0.07388638359180853 0.16994180943433337 0.22980248540922435 0.06737783316499087 0.15729837259360216 0.21341804688448784 0.061144146994346164 0.14229950150407966 0.19335119683062094 0.05482864049714095 0.12568725064748468 0.17081711229845165 0.04836273026702621 0.10819908667172501 0.1469230206099849 0.04185034307976785 0.09048742133715633 0.12260225682589143 0.035462562841704647 0.07308831733656061 0.09859707757867664 0.029382164047711105 0.007 0.023 0.34 0.007 0.023 0.34 0.007 0.023 0.34 0.007 0.023 0.34 0.007 0.023 0.34 0.007 0.023 0.34 0.0026836413310237033 0.0031173411375765504 0.0018834824386016894 0.0026210243555756566 0.0030443466939504343 0.001840011479172206 0.050709534520177964 0.05451281176117677 0.04369263928815153 0.08549641001028589 0.09601444279920635 0.06609105787574328 0.12387479685983552 0.14132662889497008 0.09167686091202064 0.16433808667057134 0.18877413077175426 0.11925455726208996 0.204932376804318 0.23612716876306758 0.14737922643184562 0.24327470188053654 0.2806133336556057 0.1743864114218406 0.2766743934206711 0.3190371465945592 0.19851679881857395 0.3023949383581539 0.34805314127730863 0.21815737005451505 0.3178832799574196 0.36442262208634546 0.23202004485958963 0.32040044124511957 0.3646764403850922 0.23871298393609341 0.3054012415868205 0.343468572936654 0.23516852939714397 0.26199769302388476 0.28858976349661336 0.2129363807171339 0.13938193649561786 0.11364987186533634 0.05901387923713476 0.14923073240152673 0.12221043746099715 0.06483919048203077 0.1552448904058914 0.12806588319373438 0.07035764800075434 0.15578697005769482 0.12965452585156095 0.07416842127668677 0.150823684341547 0.12697743324603272 0.07634552252358137 0.12893651015701102 0.11343359577749326 0.08051680002383264 0.1117751708251131 0.10264611080708431 0.08326269703854937 0.007 0.023 0.34 0.007 0.023 0.34 0.007 0.023 0.34 0.007 0.023 0.34 0.007 0.023 0.34 0.007 0.023 0.34 0.007 0.023 0.34 0.007 0.023 0.34 0.007 0.023 0.34 0.007 0.023 0.34 0.007 0.023 0.34 0.17821426799791226 0.21747192408927932 0.11095105651273136 0.21075162509530596 0.268462182560552 0.11187161497248675 0.21666931089840458 0.2835306708134804 0.10211051549585569 0.2126078482794063 0.28338881336076277 0.09133328689673013 0.2038590480205544 0.2748098030346689 0.08229357227130042 0.19188963446720805 0.260253171847298 0.07475704096824819 0.17707717264638434 0.2408782975616378 0.06776171712913943 0.15992736999878943 0.21782426633226046 0.06072809092440179 0.14118113129603932 0.192338140621492 0.053529827580940964 0.12162363774137205 0.16559865999673112 0.04627779398687929 0.1019516890720811 0.13859865353041517 0.03916157967497684 0.08272890079376018 0.11211598608329267 0.03237770997986057 0.007 0.023 0.34 0.007 0.023 0.34 0.007 0.023 0.34 0.007 0.023 0.34 0.007 0.023 0.34 0.00016439753450689308 0.00019093752649129063 0.00011543230493966017 0.0 0.0 0.0 0.0 0.0 0.0 0.06686736062038924 0.07390910191786512 0.05387562801599832 0.10696659105006937 0.12149188580967787 0.08016799997083769 0.15123412842860431 0.17357707750352847 0.11001227608946954 0.1980779959022813 0.2283874511360423 0.14215825657261746 0.24537873656281683 0.28349782597165224 0.17505053281298932 0.2905032593903058 0.335835880990518 0.20686637566992522 0.3304890255828634 0.3818608898640732 0.2357099793305151 0.36247611305823496 0.4180082474661374 0.2600215338993595 0.38403476135450054 0.4410542138264109 0.278836139526492 0.3921890845268668 0.44719520482508146 0.290704980477841 0.3808341052498531 0.42949071104523456 0.29106460290283526 0.3382828961959342 0.3751719642895102 0.2702240328479302 0.22039635754316958 0.2349620371028499 0.19352325811413493 0.17688415878078068 0.14722021477344793 0.08423580021540455 0.18667973712287922 0.1568500399016701 0.09351368734325369 0.18597063051875828 0.1572710720285279 0.0963343035012326 0.17620826132206296 0.14996897113974417 0.09425600424149777 0.14424367069815996 0.12693404250190798 0.0901811145066006 0.12306264732058757 0.11250117471881887 0.09007636942223453 0.007 0.023 0.34 0.007 0.023 0.34 0.007 0.023 0.34 0.007 0.023 0.34 0.007 0.023 0.34 0.007 0.023 0.34 0.007 0.023 0.34 0.007 0.023 0.34 0.007 0.023 0.34 0.007 0.023 0.34 0.007 0.023 0.34 0.21801830528097102 0.26803630056699584 0.13231856337181236 0.24589136056276686 0.3131130437478752 0.13071519513031055 0.24761642851233814 0.3236890128432062 0.11727532215177108 0.23892641900024286 0.318531531559003 0.10253275584114802 0.22660288259353076 0.3058349226429868 0.09084843373276837 0.2120833038315384 0.2880631966972368 0.08190101300519657 0.19513912987895093 0.2658199487299064 0.07403615686261106 0.17595291224029252 0.23996733989004396 0.06627198847126214 0.15520893702622238 0.21173197143988415 0.05836360299247842 0.1337252042949432 0.18235072658314067 0.05041129524147715 0.11223787555469152 0.15287161797143445 0.042616907780897745 0.09133549480258078 0.12410578707018236 0.03518759096194378 0.007 0.023 0.34 0.007 0.023 0.34 0.007 0.023 0.34 0.007 0.023 0.34 0.007 0.023 0.34 0.0 0.0 0.0 0.0 0.0 0.0 0.04457214317429986 0.0469757285367875 0.04013762378454885 0.08353611787055785 0.09361535357382808 0.0649403289056246 0.1282852348726345 0.14654488374281224 0.09459690899556038 0.17774613187117264 0.2046187789449698 0.12816716689555158 0.2302743996030358 0.2659959693933793 0.16436952418655582 0.2836179984343879 0.3280907411294016 0.20156755709190316 0.33495853396185143 0.3875954392644893 0.23784553734272784 0.3812531096187432 0.4408128725313404 0.2713677160700275 0.42006112026291104 0.4844961885316918 0.3011809822502095 0.4499281413666811 0.5162787951865048 0.3275138242058609 0.467129344830813 0.5315130749851372 0.3483439235972795 0.4605206011719059 0.5181891958524999 0.35412433778889396 0.4138705090494628 0.4589935759864652 0.3306202453475427 0.2953737477828397 0.3186727692254678 0.25238797995363904 0.2133943746421233 0.18211245979411356 0.11569266435256943 0.22940621806222022 0.1979584584168982 0.1311865305190756 0.22416421053421348 0.1939250695398474 0.12971935934172016 0.20479034276022723 0.1771699206934613 0.1185244447819884 0.15830917175994344 0.1401771277348602 0.10167799298129436 0.13183451680338304 0.12091392985071521 0.09772662961599377 0.007 0.023 0.34 0.007 0.023 0.34 0.007 0.023 0.34 0.007 0.023 0.34 0.007 0.023 0.34 0.007 0.023 0.34 0.007 0.023 0.34 0.007 0.023 0.34 0.007 0.023 0.34 0.007 0.023 0.34 0.007 0.023 0.34 0.25343568189028687 0.3109857356952923 0.15483067523730767 0.28187559107060217 0.3565708952704364 0.15389428643921788 0.2795930787234574 0.3631713707270325 0.13639185658419356 0.2644816011805992 0.35141102719333045 0.1155386191398163 0.2471913529806317 0.3333665980574727 0.09954056810186988 0.22970132980422725 0.3120986646848078 0.08852353383523827 0.21068275329682615 0.2871683741169852 0.0796339592264881 0.18983066374453536 0.2590634183994076 0.0712087723301783 0.16767607032209889 0.22889917633200657 0.06277773615411342 0.14484057457127847 0.19766913700485422 0.05432526822803747 0.12209189341440202 0.16646975635152825 0.04605583122431349 0.10004136595340728 0.13614416465493584 0.0381836182922614 0.0076142126841932415 0.006291708486286476 0.008405982694258908 0.051400236346460265 0.04411376185932706 0.05576257560190616 0.08044314683135552 0.06828714643791138 0.08772082244789374 0.007 0.023 0.34 0.007 0.023 0.34 0.0 0.0 0.0 0.0 0.0 0.0 0.05426417924724426 0.05834709525134008 0.04673136162010211 0.09671408670075049 0.10901051722977916 0.074027661472537 0.14545518814370914 0.16655578033147375 0.106525434845899 0.1994473356193937 0.22987183606191766 0.14331534245555386 0.25701582725113714 0.2970769865726317 0.1831045817594402 0.31582670087329356 0.3654767462830115 0.22422434195247698 0.373021100684445 0.4316742349652112 0.26480840089976404 0.42595238600242225 0.49229394656363107 0.30355484554205675 0.4740335255794441 0.5458428567487884 0.34154816583089964 0.5188791685240048 0.5929071432294846 0.3823004996991578 0.5523923943387967 0.6243334453058351 0.41966401680273996 0.548432734676908 0.6129839593470564 0.4293382927238733 0.4872300559144845 0.5380149067122482 0.39353402619028377 0.34395275210823445 0.37117509119045006 0.2937286192862892 0.2477396244807679 0.21614124024994957 0.14904949643913878 0.26861080446489916 0.23687812111493062 0.16950122468270024 0.2569687724250491 0.226540800905438 0.1619341534590371 0.22749758610415405 0.19985320213689903 0.14115684876039208 0.16710421309388013 0.14954613326162242 0.11226567659932656 0.13404855311754177 0.1243959251470275 0.10390083786129263 0.007 0.023 0.34 0.007 0.023 0.34 0.007 0.023 0.34 0.007 0.023 0.34 0.007 0.023 0.34 0.007 0.023 0.34 0.007 0.023 0.34 0.007 0.023 0.34 0.007 0.023 0.34 0.007 0.023 0.34 0.007 0.023 0.34 0.28340149282335186 0.34531416724271996 0.17732166718651549 0.3180003167409423 0.3977060691567055 0.18143421944646024 0.3133691011024976 0.40230043830945966 0.1609960880960676 0.29007036466216735 0.3825243463578618 0.13166172944025786 0.26595326381891776 0.3576246569100737 0.10888549883873778 0.2451035256405955 0.33279735192421456 0.09485083685215537 0.22441312586868895 0.3058865007756278 0.0848184227610326 0.20217521755479514 0.27596512557410774 0.07574519898660734 0.17855413846456045 0.24381608100229216 0.06673574990278154 0.15432291964810843 0.21068448693253758 0.05775423987095575 0.13026426913302377 0.1776987012486837 0.04899114799585235 0.10700711212828899 0.1457289968904198 0.040661879550005664 0.03497061013395308 0.030238768339692197 0.037803516396935855 0.07610848019879907 0.0633230357742268 0.08376299764892156 0.1121590461723046 0.09306140767958955 0.12359261095458698 0.13901493470203438 0.11742886147327943 0.1519383004234145 0.007 0.023 0.34 0.0 0.0 0.0 0.0 0.0 0.0 0.06018411594665961 0.06503483110073756 0.05123473942746868 0.10517890340557615 0.11867070917245867 0.08028705841028402 0.1568155789434108 0.17958921861971525 0.11479911957570448 0.2141259780784062 0.24675734711704114 0.15392240013425387 0.27544553333306904 0.31829486231560083 0.19639022571786663 0.33845017447470105 0.39149200543963475 0.240590106114801 0.4005132898502049 0.46313855393170505 0.28497216857699703 0.4603023900557576 0.5311042771077605 0.32967572463201855 0.5218661581937843 0.5984409577167589 0.38058869888213287 0.5927198848820876 0.6715306786691015 0.4473171050912862 0.6486061479074986 0.7249560312203979 0.5077436500572597 0.6359400881498738 0.7040439198636084 0.5102912275084827 0.5449379046533178 0.5978105575299656 0.44738996313714613 0.35562180928301823 0.38159175017591573 0.30770830130548144 0.2569687724250493 0.22654080090543816 0.16193415345903725 0.2759053052843295 0.24541184517990342 0.18066614811239387 0.2633638594379545 0.23429331561556915 0.17256884691092644 0.23296004824408068 0.20685075605443745 0.15141380934623616 0.16663257748041918 0.15133534622682032 0.11885527025887888 0.1220496704117012 0.11628476958165808 0.10404435732644049 0.10781579928053535 0.07909338745146756 0.1058931678759106 0.007 0.023 0.34 0.007 0.023 0.34 0.007 0.023 0.34 0.007 0.023 0.34 0.007 0.023 0.34 0.007 0.023 0.34 0.007 0.023 0.34 0.007 0.023 0.34 0.007 0.023 0.34 0.007 0.023 0.34 0.3028828083696743 0.36576725092717977 0.1951379764054616 0.35019897498474867 0.4323849364249114 0.20938334165715833 0.3481261489445318 0.44038103139247703 0.19005864603008174 0.31626884198317784 0.41239856351306575 0.1515622743208691 0.2826623043360841 0.37806938945555446 0.11919388613404057 0.2570306074997807 0.3483416569960843 0.10058024737361097 0.2342710683621615 0.3191248053910576 0.08888452654216528 0.2107761149195679 0.28763942715590135 0.07908019261663371 0.18609407507438283 0.25408919271670544 0.06959272391651158 0.16086963720361153 0.2196172459817172 0.06021276598609234 0.13587672781395035 0.18536073887381146 0.051091902828273084 0.1117556128874693 0.15221196604376577 0.042438580002524734 0.045454814151930305 0.03837180923063068 0.0496953382173427 0.08954805059114458 0.07414882917478552 0.09876741013278709 0.12789565742942843 0.10577979487219429 0.14113620271258723 0.16327948386979618 0.13765710117269656 0.17861934762077616 0.007 0.023 0.34 0.0 0.0 0.0 0.0 0.0 0.0 0.06142852501684617 0.06595578482213936 0.05307591075053408 0.10789880097938317 0.12135974383141652 0.08306389683439694 0.16110555213722388 0.18413814847503848 0.11861132802918678 0.2202196176692669 0.25341054529112617 0.1589836763958415 0.28364982361716745 0.3273634551970017 0.2029999120880923 0.3492197950626295 0.4034119804771929 0.24923736849919584 0.41490087918930213 0.47890371490142325 0.2968181930513304 0.4816352419558654 0.5539248183395526 0.3482638488888974 0.5596611460524227 0.637642671619479 0.41578833314280617 0.658584548878127 0.7384472993511204 0.511240950843897 0.7246198249075602 0.8013091643560193 0.5831310439892831 0.6872904637500052 0.7545626241056995 0.5631760036839748 0.5593065518989235 0.609408775292954 0.466869942582699 0.2119780001665063 0.1857313597151198 0.13000278624770106 0.23994807509932578 0.21232591546395246 0.1536767502338419 0.2530394990150927 0.22546457834469813 0.16691571395633598 0.2440030372898365 0.21800390233069838 0.16280084861632763 0.21975139547508965 0.19693161229555023 0.14847916498950467 0.1520142841911854 0.14127160830383984 0.11846206041014051 0.15003177514800684 0.08996655445519726 0.14601110723484645 0.1343141433613814 0.08687141193028011 0.13113840429345602 0.09165734112520436 0.0746600736936498 0.09051957176407989 0.007 0.023 0.34 0.007 0.023 0.34 0.007 0.023 0.34 0.007 0.023 0.34 0.007 0.023 0.34 0.007 0.023 0.34 0.007 0.023 0.34 0.007 0.023 0.34 0.007 0.023 0.34 0.3035853076121511 0.36342904758643574 0.20105034911676462 0.3669365202567673 0.44831665801733145 0.22750156764160817 0.372363841739979 0.4648845423377784 0.21384089180677107 0.3368858613587351 0.43391428979612845 0.17063946888767964 0.2949270379839354 0.39158794991760726 0.12931034027245963 0.2642587137357256 0.3569827980429028 0.10538729059197549 0.23949720979262168 0.3257857411782444 0.09165232262389575 0.2151101948424677 0.29333813731356745 0.08107614486664001 0.18983066374453597 0.25906341839940855 0.07120877233017847 0.16408094327893125 0.22390835834717093 0.06157395552141102 0.13859191507858384 0.18898535632657065 0.05224889224908869 0.11400489600415856 0.15519986044909226 0.043422342651121826 0.04751188207509177 0.04018882398732311 0.05189612356562261 0.09253210207213669 0.07669950696655004 0.10201091809854879 0.1314634409016897 0.10891671664582225 0.1449619387660228 0.17698163221019875 0.15162449239749784 0.19216269770436978 0.007 0.023 0.34 0.007 0.023 0.34 0.0 0.0 0.0 0.05711068326162875 0.06001280814250631 0.05175637829015442 0.10406859473409116 0.11606853992928193 0.08192917315392795 0.15742742112773522 0.1790774928336931 0.11748389997473346 0.2166525771472476 0.24848780030453585 0.15791785668700345 0.28032450826946587 0.3226564354779363 0.2022237863474429 0.3465589171875626 0.399272081689591 0.24930522537881877 0.4141057009170873 0.4764290890329047 0.299121528793268 0.48565433158176136 0.5559181208931204 0.356020435086352 0.5720673883958476 0.6474805415689429 0.43293312039454834 0.6721147902099944 0.7486157341088256 0.5309735915872359 0.7211255457116844 0.7933409634899886 0.5878909723219455 0.6622978931763724 0.7235039614347489 0.5493751317474692 0.503781466712753 0.5448042524340272 0.4280960587627254 0.1931710897742389 0.17137462938310188 0.12509496755411548 0.21195951849376926 0.18892133433318872 0.14000516386455975 0.21975139547508965 0.19693161229555023 0.14847916498950467 0.21287891579979976 0.19186350023575588 0.14724220356434564 0.19326979884767734 0.17579836657244247 0.1387018856367262 0.19523658620712198 0.10690380830523188 0.18932373411577905 0.1727214336515132 0.09858386561838522 0.16775878575790065 0.15240011080911578 0.0927226223072915 0.14840539705646977 0.09625168250466433 0.11954723904547909 0.11700416785838585 0.09718852951108582 0.12660647998372054 0.12339505457307541 0.0935416445920126 0.118044323218435 0.11536947593962943 0.007 0.023 0.34 0.007 0.023 0.34 0.007 0.023 0.34 0.007 0.023 0.34 0.007 0.023 0.34 0.007 0.023 0.34 0.007 0.023 0.34 0.27483335969633416 0.3255869871207917 0.1878732017300492 0.3581102011823026 0.4346439242823916 0.2269789897149524 0.3736527063908134 0.4629407545225439 0.22066851266804294 0.3431745942303023 0.43798270830923053 0.18073243994171606 0.2996611907884325 0.39479455328042184 0.1366617629646654 0.2659532638189192 0.35762465691007655 0.10888549883873685 0.23966865877838267 0.3252201974472314 0.09308651885203 0.21481003898897566 0.29250004081701636 0.081697684775023 0.18942795950588315 0.258238049251523 0.07153025292596703 0.1636610180245135 0.2231226031184882 0.06178083536379618 0.13815709590347525 0.18820209114843878 0.05241109285371361 0.11354298722576125 0.15438113402011122 0.04357179745074866 0.03507924989561843 0.030961039522399085 0.03754478117621274 0.07915754227370879 0.06645804817227145 0.08676060212670501 0.11672183597594989 0.09821184727377766 0.12780358071765352 0.007 0.023 0.34 0.007 0.023 0.34 0.007 0.023 0.34 0.0 0.0 0.0 0.0 0.0 0.0 0.09293094103809585 0.10180956716327155 0.07655022898978633 0.1452116469398964 0.16362551812147316 0.1112387870325754 0.20288011924370988 0.23122218859840646 0.15059012860697546 0.264850872751806 0.30330834591685857 0.19389836443117292 0.32959247946138687 0.37791682242443325 0.2404359888240755 0.3962926240760586 0.4535601473618318 0.29063632146363716 0.4670082882611559 0.5313726441770595 0.34825861172688666 0.5457748432932658 0.6142433702817752 0.41945313437588666 0.6194019797053112 0.6876777183896621 0.4934359575408348 0.6382290099998386 0.7006090052978016 0.5231403998765449 0.5617682659858283 0.6107407920282875 0.4714159033488682 0.30194704283328866 0.31866256874257004 0.2711075624006585 0.16663257748043056 0.15133534622682926 0.11885527025888262 0.17897817307993413 0.16261600447634908 0.12787478428856644 0.18221470866231626 0.1663632463725754 0.13270639103461251 0.1735501909896545 0.1600120368895948 0.1312669479028419 0.148992606691063 0.14029041494702726 0.12181335565125591 0.21726228138256654 0.11920598041791486 0.2106985525154391 0.10404933384260075 0.1358508924856685 0.13237925928608613 0.11341871250868656 0.17670288148508134 0.16979443323912333 0.11340722220090643 0.18603499390187592 0.17810654654875424 0.110430423891544 0.18476787248415913 0.1766527873902835 0.10552688549434486 0.17476668338465595 0.16720808590249212 0.09962533230080446 0.15739505043210542 0.1510885899958067 0.0931186860213472 0.13284019717383225 0.12850397836134306 0.004368301217763128 0.01587945534548756 0.014622834395431418 0.007 0.023 0.34 0.007 0.023 0.34 0.007 0.023 0.34 0.007 0.023 0.34 0.007 0.023 0.34 0.3229373240648281 0.3898546802058177 0.2082825859504363 0.3501989749847485 0.43238493642491127 0.20938334165715822 0.33107097713990974 0.42026385485361833 0.1782498463350996 0.2940241529473413 0.38461769105885363 0.1388031611743388 0.261140387127431 0.3490933998556197 0.11044361393938724 0.2344754724302938 0.3169440397126379 0.09317562841815943 0.20968788940625321 0.28478606591681827 0.08101631214689686 0.18471428897873393 0.25131050323661014 0.07060978836070027 0.15944932684421856 0.21698644319689436 0.060866486939811996 0.13442889910168115 0.18276992231801226 0.051602444551197786 0.11024639514356462 0.14954745173501735 0.04290882218838077 0.007 0.023 0.34 0.007 0.023 0.34 0.007 0.023 0.34 0.007 0.023 0.34 0.007 0.023 0.34 0.007 0.023 0.34 0.007 0.023 0.34 0.0 0.0 0.0 0.07272630431856032 0.07641003529394422 0.06592996719156952 0.12370316327155154 0.1367629290134512 0.09960841493770362 0.17854221627427994 0.20104295057289034 0.13702925647344527 0.2369860615768349 0.2688885587218599 0.17812722328507952 0.29783610110322517 0.33868421968993145 0.22247294706898602 0.3600304192289247 0.40869148196807464 0.2702526939979318 0.4230684180294544 0.4774811699797671 0.3226790549807284 0.4835264737308307 0.540469807161953 0.37846828850539604 0.5238715218569688 0.5787553921914157 0.42261296412852956 0.508058746999527 0.5545441229009563 0.4222950774448897 0.37939293771631294 0.4062976259793397 0.32975485802102067 0.1576922287728213 0.08791981608229946 0.15302177725873656 0.11494635434412115 0.1110008690820159 0.10262355825242225 0.12409316851259833 0.11903070143579919 0.10828174219515527 0.24617055561304135 0.13439429157877228 0.23868843479384108 0.2712400408725564 0.15424355775332965 0.2634084871014337 0.27777996524935067 0.160416114801297 0.26992382050837355 0.11204715877745505 0.1590399801254093 0.15390998506558654 0.11933278738038652 0.19133369867044814 0.18347368285046092 0.1260571489412694 0.2236087773282637 0.21295950458089055 0.12503239577546113 0.23036856491040697 0.21886948884341 0.1203021567385955 0.22629273015958554 0.21472221571842337 0.11309108542866693 0.21312670187772098 0.20220626331987915 0.10508639733845374 0.19311636308515578 0.1835065274455128 0.09752388380722968 0.16799586557312557 0.16030275611629777 0.09073767152404959 0.13811656324076527 0.13294442261428616 0.08299606573374335 0.09881082651340177 0.09708440017114815 0.007 0.023 0.34 0.007 0.023 0.34 0.007 0.023 0.34 0.007 0.023 0.34 0.2616584064655876 0.3122449395152876 0.1749845443556101 0.3086386859705275 0.37937891469039364 0.18743392138090723 0.30389614566455314 0.38383658530234477 0.16692794040388426 0.2776774404648959 0.360549880213912 0.1356856101794198 0.24916182220483643 0.3305938645456579 0.10963793741423661 0.22371791570784805 0.30063918089636116 0.09192269808097546 0.19972385506503468 0.2700713612939602 0.07919197262359053 0.17569226541223126 0.2381893860477082 0.0686110623792418 0.15143715258900653 0.20540647402318962 0.05896729466140982 0.1273882569073468 0.17259292423699743 0.04993556610902422 0.10409076760032654 0.14060384741457901 0.04153005323150724 0.007 0.023 0.34 0.007 0.023 0.34 0.007 0.023 0.34 0.007 0.023 0.34 0.007 0.023 0.34 0.007 0.023 0.34 0.007 0.023 0.34 0.007 0.023 0.34 0.0 0.0 0.0 0.08915674621315399 0.09401883433123132 0.08018638702775066 0.14180365972347259 0.15569736722293995 0.11617032201744204 0.19553079878477064 0.21790957866253152 0.1542428400395936 0.25005466125889264 0.28011957614161687 0.1945860891501539 0.30364490101895636 0.33995970567651645 0.23664553086873152 0.3528754899795349 0.3930705283442847 0.2787172429781506 0.38910787660892143 0.4295693962151763 0.3144579823164103 0.39126860929277163 0.426570991938258 0.3261371174851346 0.22830607506390793 0.1582992594113479 0.18428729213260245 0.23820452438570633 0.17403664485499573 0.19785713915049147 0.22773987247383348 0.1809818637826816 0.19833944030604578 0.18910291184159067 0.10110991151124138 0.18321280390674544 0.21945957240108963 0.11725268990936581 0.21261801037569905 0.2508483235774598 0.13874253065523393 0.2433441446319264 0.27777996524935067 0.160416114801297 0.26992382050837355 0.28472784831708403 0.16700217901153602 0.27684748401187453 0.12478580395856963 0.20322781734616788 0.19466465536486566 0.13304432325413942 0.23421528269497138 0.2231709038464222 0.14089249129419024 0.26460234300861085 0.25109749460959024 0.14023205358599652 0.27110489314500674 0.2568180935627568 0.13323834651161326 0.26408593409533004 0.2498018911577077 0.12221250732489845 0.24631131253089603 0.23276400382766177 0.11059282114375465 0.22184701032576265 0.2097018906134912 0.10047735373737159 0.19349326648015444 0.1833391374202666 0.09242942373230939 0.16237437532179483 0.15473879938016813 0.08601037264190242 0.12786401859163493 0.12329504420791143 0.00256085697393993 0.00930913574808139 0.008572456489832098 0.007 0.023 0.34 0.007 0.023 0.34 0.007 0.023 0.34 0.007 0.023 0.34 0.2511414048690729 0.3048367456422046 0.15914097942884264 0.265224839115117 0.3319060291959423 0.15097474277591122 0.25165274410770677 0.3234533030162067 0.12863123290549688 0.2298456365242597 0.3018501352050307 0.1064746993654776 0.20730517805944587 0.27613540093861255 0.08937297580777788 0.18501003012175155 0.24837849136507265 0.07643589110082029 0.16250287599521845 0.21895034635148733 0.06578701176887376 0.1397494824236327 0.18844410599773145 0.05631717673444654 0.11712926262330338 0.15770199059338366 0.04761283567130415 0.09513994419466595 0.12755002955016873 0.03960921101879149 0.007 0.023 0.34 0.007 0.023 0.34 0.007 0.023 0.34 0.007 0.023 0.34 0.007 0.023 0.34 0.007 0.023 0.34 0.007 0.023 0.34 0.007 0.023 0.34 0.007 0.023 0.34 0.00039547919315850114 2.7528111906627443e-05 0.00014021683723951296 0.0 0.0 0.0 0.1301122947230496 0.13842774533395566 0.11477061909792625 0.12533990719511917 0.08280273438504321 0.09859344602581027 0.1544742299248577 0.09043683861617685 0.11420889288262344 0.18645147087879055 0.1020753103867337 0.13339755236162937 0.22070739321486946 0.11848646924251932 0.1564330704730977 0.25588763998702607 0.1400423445137641 0.18304660490326577 0.28903928147806623 0.1657561859051264 0.21152151734982197 0.31466880916129003 0.19212700487957354 0.23761715308457 0.3248358241685345 0.21303565655550902 0.2545382786514592 0.3193598165719438 0.22258423132423397 0.2585094059317734 0.2667456528067881 0.2087773268834511 0.2302964138016252 0.239208302667012 0.131670115569755 0.23200987180612048 0.2609179235303195 0.14817097005065594 0.2533708263427362 0.26633422062654133 0.15327600716319506 0.2587662882032824 0.13576338864629767 0.2365070957708385 0.22550935813703232 0.1483787828753697 0.27122835041211574 0.2578174153695381 0.16053997713473211 0.3035612226768649 0.287948236224142 0.16189104718725278 0.31172744798973623 0.29537048167339436 0.15126456159914062 0.30058553217300105 0.2842848330577054 0.1337013108893594 0.2756316802862073 0.2601377798784518 0.11658724326104591 0.2449288042966733 0.23091833301196993 0.10306679890373059 0.21242930676166735 0.20049069339587364 0.09317177846317312 0.17893525530027385 0.16957284206634907 0.08612178730119768 0.14405956843458304 0.13773476131584003 0.08048708047860019 0.10511794527377546 0.10242910448716216 0.007 0.023 0.34 0.007 0.023 0.34 0.007 0.023 0.34 0.007 0.023 0.34 0.007 0.023 0.34 0.21290694540455818 0.26104075646428104 0.1304355236425787 0.2158895355695213 0.2728560197908891 0.1182844043097439 0.2029802259966446 0.262466705530492 0.10105738974575695 0.185099169687956 0.24318880906817203 0.08556964888223999 0.1656089698021528 0.21969228294753443 0.07294380096348037 0.1453090563549715 0.19368701028767002 0.06241932552076054 0.12455776976959516 0.16620131702156954 0.05320662442144876 0.10378983575331108 0.138160930609279 0.044899151681559196 0.08348284717374632 0.11039275749806246 0.03737599390214291 0.007 0.023 0.34 0.007 0.023 0.34 0.007 0.023 0.34 0.007 0.023 0.34 0.007 0.023 0.34 0.007 0.023 0.34 0.007 0.023 0.34 0.007 0.023 0.34 0.0 0.0 0.0 0.0 0.0 0.0 0.0878308713789753 0.06723272565626616 0.07487919950383588 0.11279972536480071 0.06862960924083589 0.08502650449212325 0.008535286560775464 0.01393022373616291 0.005087327341623259 0.054520305242018306 0.08898464516725697 0.03249379506885988 0.4133151649742071 0.6769099431676112 0.24484906128374903 0.25181483519462183 0.11129773784843808 0.16346070069268215 0.29601563809760323 0.13721503932147797 0.19616523036616726 0.341770520322134 0.17100691771400164 0.23439803257636105 0.38307771812900915 0.20896118277930473 0.27359697824865803 0.4090121449874584 0.2421239581296959 0.3040764354766894 0.4155079824902348 0.2613981345965802 0.3186070182230618 0.3814026396316589 0.2591724046198609 0.3045468916237856 0.308249452586661 0.2333875193712237 0.2611778759507122 0.23263440998584828 0.12949670653093154 0.22573054032325207 0.11298810915220117 0.1584341691803518 0.15347302710065902 0.14463612180725965 0.26011157586356765 0.24750563964081224 0.6845595037556367 0.6009620762579201 0.5464805436148376 0.7601168861772213 0.6367051194162872 0.55627606315723 0.6162676806565222 0.5258350895341287 0.46689899170542726 0.001406587153914178 0.0051121573696293636 0.004707636926821926 0.001377515764475989 0.005006640038550783 0.004610464855544943 0.12163868271363128 0.2608124899441074 0.24561951103648644 0.10465197154310216 0.22431944048963315 0.21125588084566804 0.09311599573650649 0.18874334063726397 0.17830413326785566 0.08535325924158121 0.15302540849216875 0.14563794416495585 0.08001554132175803 0.11547058799743108 0.11160011993284645 0.0009404369731339029 0.0034186362585977787 0.0031481023828478522 0.007 0.023 0.34 0.007 0.023 0.34 0.007 0.023 0.34 0.007 0.023 0.34 0.007 0.023 0.34 0.16447820980547356 0.20081053761329423 0.10222719198111171 0.16668995266177739 0.20985089276252755 0.09273893951062812 0.15622978035901475 0.20057060673015695 0.08025717581307776 0.14113665868114922 0.18340196544750567 0.06872020414563124 0.12398112676066868 0.16209498766642352 0.05867766899299223 0.10582730350286847 0.13848585211320952 0.04987085880673439 0.08733440838832894 0.1137750531357532 0.04203158451847411 0.06902585693805173 0.08886372335108092 0.035036089417321364 0.007 0.023 0.34 0.007 0.023 0.34 0.007 0.023 0.34 0.007 0.023 0.34 0.007 0.023 0.34 0.007 0.023 0.34 0.007 0.023 0.34 0.007 0.023 0.34 0.0 0.0 0.0 0.07331689305774242 0.05958515976600835 0.06468267392628962 0.09591324278994764 0.05841699722052198 0.0723364084621158 0.004054300087278152 0.006635780656030234 0.002404449600288598 0.0038490974217503583 0.006287516733165991 0.0022906788393596365 0.07775184937880396 0.12734515829801296 0.04605626124918504 0.45743174647524515 0.7493749812465956 0.27084785586178245 0.9651839601024287 1.581230414790987 0.5714624052787804 0.32807351639121324 0.13253223521925675 0.20512135623674743 0.3868515011594357 0.17517469036919223 0.2537536663427479 0.44692511169478877 0.22811565483441237 0.30934242213702506 0.49817742037718826 0.27824636604208786 0.35988949440328466 0.5085888259244321 0.30549181404799836 0.3808857844926571 0.47720187322934116 0.30417221259372684 0.36840453683859453 0.4101038670496665 0.28023187421520984 0.3284431457592109 0.30644412042611696 0.23575463082899847 0.26199608677260305 0.11557011264506244 0.170501665908999 0.16450503517287376 0.6793083462456533 0.597481404385924 0.5441537202997576 1.0250358188948203 0.8400431972245355 0.7194810955195001 1.0626913653134022 0.8549441613272426 0.7195526018705811 0.7912204215644533 0.6184939821354294 0.5059259112060602 0.5349704295063006 0.4465814756002747 0.38897724277085455 0.0006679519336361933 0.002428105082648344 0.0022359570757835277 0.0006334087713076048 0.002302540151867473 0.002120328582294623 0.0005912130638456982 0.0021491553021818367 0.001979081751437229 0.09192017742841245 0.19156318920749524 0.1806856095365992 0.08391330082002202 0.15559427128601178 0.1477691819675592 0.07870880344644529 0.11861344308938897 0.11425723296281354 0.0002608024808964145 0.000948048978845813 0.0008730253680424496 0.007 0.023 0.34 0.007 0.023 0.34 0.007 0.023 0.34 0.007 0.023 0.34 0.007 0.023 0.34 0.007 0.023 0.34 0.09936635871786303 0.11507746899906826 0.07244728512232812 0.11521332478689171 0.14086122135184764 0.07126877835794565 0.10892377109081347 0.1358194490897064 0.06284130317509176 0.09691877326232845 0.1218800837461139 0.054150608446005166 0.0824094493016387 0.1035828762137077 0.04613136155901096 0.06674750419659337 0.08299462225944262 0.03891004656176397 0.050661500886666176 0.061281350955957326 0.03246568146512085 0.007 0.023 0.34 0.007 0.023 0.34 0.007 0.023 0.34 0.007 0.023 0.34 0.007 0.023 0.34 0.007 0.023 0.34 0.007 0.023 0.34 0.0 0.0 0.0 0.05814829508874563 0.05551656213138147 0.05649351789736027 0.0775453343596213 0.05209564836565449 0.06154311810401956 0.10133310736946857 0.050974343058107524 0.06966859736072754 0.0 0.0 0.0 0.0 0.0 0.0 0.03911188537110374 0.06407342078414228 0.023158714211997587 0.39828144087329514 0.6525025302768568 0.23580615702553148 0.8930618198581087 1.4630110823993157 0.5288014493771819 1.4370880145175768 2.354367692159831 0.8508452431473176 0.4196326949469943 0.17564358422188736 0.2662175795400419 0.5061322982684453 0.24747731294052794 0.34349559572570876 0.5761189738197515 0.31871427299692323 0.4142684233354807 0.5988155731264245 0.35614548946617564 0.4462298336239078 0.5639435563790778 0.3499790000575856 0.42940723628058697 0.48933423681189087 0.3173370159608841 0.38118607639557844 0.390969979272064 0.27342684302362497 0.31706137835435183 0.24733026410412218 0.20686803094194892 0.22188848044521292 0.7498360072506279 0.6298670933422953 0.551681789142229 1.0577593218433679 0.8516802896649527 0.7173758995090497 1.092065414772388 0.867029940531745 0.7203713901113028 0.7823693969569793 0.5926326612742333 0.46897875865894323 0.54146436479146 0.4317645473903823 0.3602717471742485 0.0 0.0 0.0 0.0 0.0 0.0 0.0 0.0 0.0 0.08956443328769381 0.18780787853094744 0.17708308324729932 0.082051018762947 0.15277132283139144 0.14505110514507719 0.07729196956270035 0.11684127614376807 0.11252385613022967 0.0728742081689642 0.07393556092756122 0.07381969781800206 0.007 0.023 0.34 0.007 0.023 0.34 0.007 0.023 0.34 0.007 0.023 0.34 0.007 0.023 0.34 0.007 0.023 0.34 0.007 0.023 0.34 0.007 0.023 0.34 0.007 0.023 0.34 0.007 0.023 0.34 0.04057722553005905 0.0424933461289321 0.0372941862988541 0.0 0.0 0.0 0.007 0.023 0.34 0.007 0.023 0.34 0.007 0.023 0.34 0.007 0.023 0.34 0.007 0.023 0.34 0.007 0.023 0.34 0.007 0.023 0.34 0.0 0.0 0.0 0.0 0.0 0.0 0.059750005189324246 0.04930293054472797 0.053181108907426125 0.07965126556549565 0.04600778696971775 0.05849696840803861 0.1042901763505131 0.04497408096434793 0.06699348883804895 0.0 0.0 0.0 0.0 0.0 0.0 0.0 0.0 0.0 0.29180579186676264 0.4780656847869028 0.17276519990543399 0.7256054880733089 1.1887485467866499 0.42960604875410463 1.1969389872144112 1.960935728213227 0.7086608996498559 0.43662713927364005 0.16750149908813214 0.26740671371724223 0.5355203386414983 0.25331102980977066 0.3580731830915329 0.6316264675513148 0.34826620803555175 0.4534556189172841 0.6679528522531586 0.3972860391394437 0.49776337024198586 0.6277880418950149 0.3842680217864823 0.4746678805983676 0.5434838425363809 0.3407482035288101 0.41600802460739583 0.44211480076411996 0.292150423435912 0.3478204194027335 0.3259137776198572 0.2410825477514493 0.27257372124726637 0.6054896559732175 0.5186868779180507 0.46211637655600835 0.7861179385609902 0.6151185600086508 0.5036760371535004 0.7823693969569794 0.5926326612742335 0.46897875865894345 0.6421283327556231 0.48454285046294765 0.3818423385621624 0.4611316406306806 0.3785097773928552 0.32466403268800986 0.0 0.0 0.0 0.0 0.0 0.0 0.0 0.0 0.0 0.0 0.0 0.0 0.08019037300530615 0.14583436633789432 0.13866830667508423 0.07604894446689 0.11095029745522728 0.10714027364147098 0.0 0.0 0.0 0.007 0.023 0.34 0.007 0.023 0.34 0.007 0.023 0.34 0.007 0.023 0.34 0.007 0.023 0.34 0.007 0.023 0.34 0.007 0.023 0.34 0.007 0.023 0.34 0.007 0.023 0.34 0.007 0.023 0.34 0.007 0.023 0.34 0.007 0.023 0.34 0.007 0.023 0.34 0.007 0.023 0.34 0.007 0.023 0.34 0.007 0.023 0.34 0.007 0.023 0.34 0.007 0.023 0.34 0.007 0.023 0.34 0.0 0.0 0.0 0.0 0.0 0.0 0.05966335220787673 0.04440541718242086 0.05006949018737295 0.07975403446921833 0.04123628022129832 0.055534897411831555 0.10466571006304719 0.04026014458258717 0.0641688730047446 0.0 0.0 0.0 0.0 0.0 0.0 0.0 0.0 0.0 0.15266791956272152 0.2501147654044894 0.09038864928126594 0.499327688294023 0.8180489538737655 0.29562968583922894 0.3510474600889927 0.09824905623811203 0.19209325026291718 0.4246857876215625 0.14593325116194084 0.2494121763368561 0.5227885439044527 0.22934210642204014 0.3382757230726875 0.6287703650949518 0.3323758002605806 0.4424038250681332 0.6769971895534865 0.3914144299027553 0.4974288805422907 0.6411681852277347 0.3808889663122661 0.47751019947058954 0.5584677504626239 0.3372316770811671 0.41935925652562533 0.46103945477071934 0.2907197515076817 0.35394608140449546 0.35591178848073746 0.24699039897781666 0.2874243568440734 0.0 0.0 0.0 0.5297680543746176 0.44314267724902867 0.386687790384047 0.5414241983407344 0.431737999496153 0.36025407467071613 0.4611316406306806 0.3785097773928553 0.3246640326880099 0.31330184114982346 0.3062892008358412 0.3017189717795601 0.0 0.0 0.0 0.0 0.0 0.0 0.0 0.0 0.0 0.0 0.0 0.0 0.07816308063238413 0.13358829349242812 0.1275377721573428 0.07470884856626525 0.09966063436007677 0.09693676007067786 0.007 0.023 0.34 0.007 0.023 0.34 0.007 0.023 0.34 0.007 0.023 0.34 0.007 0.023 0.34 0.007 0.023 0.34 0.007 0.023 0.34 0.007 0.023 0.34 0.007 0.023 0.34 0.007 0.023 0.34 0.007 0.023 0.34 0.007 0.023 0.34 0.007 0.023 0.34 0.007 0.023 0.34 0.007 0.023 0.34 0.007 0.023 0.34 0.007 0.023 0.34 0.007 0.023 0.34 0.007 0.023 0.34 0.007 0.023 0.34 0.0 0.0 0.0 0.0 0.0 0.0 0.05807129414410496 0.040717699405506125 0.047159726280950866 0.07786378890388532 0.03760801680265756 0.05255182352825052 0.10239284484126712 0.03661651456667596 0.06103410030495273 0.13156858780925373 0.03761452993111651 0.07249229301277992 0.0 0.0 0.0 0.0 0.0 0.0 0.0 0.0 0.0 0.17591656971363775 0.28716795331822315 0.10481467894596248 0.3360926262255205 0.08278146468307444 0.17681600536973333 0.3942056439729069 0.11711145535322245 0.21997476621222037 0.4710501284194139 0.17869446650569157 0.28722316385089086 0.5576662433383169 0.2612828786325877 0.3713067457119689 0.6073633647412776 0.320192201789262 0.42679630183055267 0.5902476868670816 0.32633863396068447 0.4243073394136648 0.5278634859085595 0.30064677673504553 0.384994496564538 0.4469434918436661 0.2680489320791051 0.33445843277528237 0.3567970979433713 0.23599250175391737 0.2808377610245362 0.0 0.0 0.0 0.0 0.0 0.0 0.0 0.0 0.0 0.0 0.0 0.0 0.0 0.0 0.0 0.0 0.0 0.0 0.0 0.0 0.0 0.0 0.0 0.0 0.0 0.0 0.0 0.07626790114876264 0.11646120209567284 0.11207348011216195 0.07306746011933755 0.08205830692108756 0.0810768165922757 0.08055789455794704 0.0984991521715016 0.08023440577676957 0.07767023799044628 0.09784282499777668 0.0773065173569904 0.07006024050507065 0.08695462940547226 0.06975562722812845 0.06228037761179908 0.07455707325543649 0.062059023379214706 0.007 0.023 0.34 0.007 0.023 0.34 0.007 0.023 0.34 0.007 0.023 0.34 0.007 0.023 0.34 0.007 0.023 0.34 0.007 0.023 0.34 0.007 0.023 0.34 0.007 0.023 0.34 0.007 0.023 0.34 0.007 0.023 0.34 0.007 0.023 0.34 0.007 0.023 0.34 0.007 0.023 0.34 0.007 0.023 0.34 0.007 0.023 0.34 0.0 0.0 0.0 0.0 0.0 0.0 0.05510543717981223 0.03811070432132763 0.04441951396362318 0.07407713748198957 0.034957065564752775 0.049479276003356026 0.09758060878225203 0.033849497297779224 0.05750785391894393 0.1254530409276864 0.03461607797380889 0.06833670850870782 0.1573094780522164 0.037122227123514914 0.08173831458154382 0.19252260070154792 0.04132134140560709 0.09745049450948934 0.23026450774659923 0.047383829646989735 0.11527306303428313 0.26975048356348047 0.056015381948711626 0.13535843965915267 0.31173649413605137 0.06929112899149338 0.15929205281244246 0.3566155091986931 0.09136932036499157 0.18983439937685528 0.40872137079178683 0.12862059472961226 0.23260001538601224 0.4646983156454207 0.18020742043213495 0.2858165475547668 0.5029633945481106 0.2264426308940487 0.3290930740967922 0.5022781225916322 0.2469164155298426 0.34171216272984434 0.4657928417221858 0.24430952556972874 0.32652888683804165 0.4075576722226289 0.2310804968907699 0.29659261259448155 0.33582240294729027 0.2136409665449148 0.25899733845752154 0.0 0.0 0.0 0.0 0.0 0.0 0.0 0.0 0.0 0.0 0.0 0.0 0.0 0.0 0.0 0.0 0.0 0.0 0.0 0.0 0.0 0.0 0.0 0.0 0.0 0.0 0.0 0.07445514753721762 0.09389136311071783 0.09176959882813882 0.09712198524886542 0.12448933808317764 0.09662853981693892 0.08754087126001797 0.11375914229713883 0.08706814427927552 0.08181561447200845 0.10950167623833042 0.08131642257758827 0.07300383079727919 0.09735375591507119 0.07256479091681028 0.06537946549850987 0.08551738341492708 0.06501636996404121 0.05870320704343708 0.07376627778530691 0.05843161323992378 0.05209143463145794 0.06084529881891908 0.05193359860247994 0.007 0.023 0.34 0.007 0.023 0.34 0.007 0.023 0.34 0.007 0.023 0.34 0.007 0.023 0.34 0.007 0.023 0.34 0.007 0.023 0.34 0.007 0.023 0.34 0.007 0.023 0.34 0.007 0.023 0.34 0.007 0.023 0.34 0.007 0.023 0.34 0.007 0.023 0.34 0.0 0.0 0.0 0.0 0.0 0.0 0.0 0.0 0.0 0.05096530412188051 0.03648799717432406 0.04186228427996796 0.0686301685687781 0.03316859599594069 0.04633269294535452 0.09053820622106107 0.03183024310763703 0.05362389922766192 0.11646573757941954 0.032270191035089435 0.06352538523556935 0.1459746780369719 0.03431092536521663 0.07576290730671396 0.17837937524820588 0.037827997761014504 0.09000368612945064 0.21274458733300997 0.042821313268108396 0.10590048013691143 0.2479896154721311 0.049579270656120715 0.12323344968497815 0.28320759384053473 0.05901203079901843 0.14223823633304988 0.31819501462517585 0.0731097129180736 0.1640906378593411 0.3534234011843362 0.09470089908142992 0.19074424554278696 0.3871991353697463 0.12433783860799826 0.22191759448918016 0.41135940352852646 0.1555925610256333 0.25053870319792165 0.4151980407772171 0.17855209669574387 0.2664001509289692 0.39537412139402356 0.18954687814397506 0.26595436908107034 0.35597316106439447 0.19134729576795287 0.25245995078888317 0.30136066629317215 0.1867496262406993 0.22929570452374662 0.09065045908532328 0.11404077950434244 0.11148736337065752 0.0 0.0 0.0 0.0 0.0 0.0 0.0 0.0 0.0 0.0 0.0 0.0 0.0 0.0 0.0 0.0 0.0 0.0 0.0 0.0 0.0 0.0 0.0 0.0 0.11593450651667614 0.14980869487508183 0.11532373997279921 0.10447437476884448 0.13812669895640722 0.10386760853373961 0.094801744184733 0.13031024610612596 0.09416151024710143 0.08263454131597997 0.11554940592261564 0.08204107180210503 0.07254978427994725 0.10195621782140045 0.07201957332428303 0.06446797535943573 0.08960109641550608 0.06401481411105864 0.05796684063888199 0.0781698352340518 0.05760257174321724 0.049459125700663596 0.061132380246299134 0.04924865177700236 0.04751227990094466 0.05563105389340028 0.04736589482805598 0.007 0.023 0.34 0.007 0.023 0.34 0.007 0.023 0.34 0.034036513035003914 0.0608437755477451 0.07615177907188897 0.020356517898989776 0.04426376458398898 0.05791574476408391 0.0209256558696966 0.034431281169698257 0.04214352555085911 0.007 0.023 0.34 0.007 0.023 0.34 0.007 0.023 0.34 0.007 0.023 0.34 0.007 0.023 0.34 0.007 0.023 0.34 0.0 0.0 0.0 0.0 0.0 0.0 0.0 0.0 0.0 0.04594169967076636 0.03580798651072586 0.03956983836380768 0.06189175226611782 0.032195988568441615 0.04321969349580079 0.08174606855505398 0.030510544373806767 0.049530270760464526 0.10523183188938637 0.030527096580767958 0.05825909792286928 0.13187645857521965 0.03204190370933583 0.06910263350231555 0.1609738219963398 0.03488650540255473 0.08169282388498439 0.19156639933340766 0.03896745329788612 0.09561545772193923 0.22248629142866067 0.04435152194757981 0.11047897218103685 0.25250577377912836 0.05141999275229442 0.1260673511329393 0.28058747317420296 0.06105120596373695 0.14254778086985523 0.30595154938063307 0.0745231282591046 0.16043432597138943 0.3273099874444477 0.09248225843198893 0.17965535220218826 0.3414581418245882 0.11320545859749997 0.1979377542336721 0.3437190723368309 0.132735352410842 0.21105703817784915 0.3310005676158895 0.14777130941924455 0.2157899432211018 0.30333064592574094 0.15732336414531342 0.2115244013026495 0.26165509744305837 0.16116770006251613 0.19847077901071197 0.1800202237330581 0.09603647767924745 0.19387657044889706 0.08204368603070679 0.08570187417449987 0.08530252621948764 0.0 0.0 0.0 0.0 0.0 0.0 0.0 0.0 0.0 0.0 0.0 0.0 0.0 0.0 0.0 0.0 0.0 0.0 0.1343344473002133 0.1720911651306815 0.13365367703899084 0.1252207834207108 0.16384435731384256 0.1245243833626699 0.10923386732569837 0.14735841450879184 0.10854646493915196 0.09531359867941742 0.1345891096930654 0.09460544390779606 0.08110473853573845 0.11760390673886419 0.08044664244847753 0.07023503248317753 0.103089151904686 0.06964265823175979 0.061998566504358484 0.09049887745079287 0.06148469333839518 0.052883582916432054 0.0738450786053221 0.05250563791178909 0.04794937419941863 0.06358382583239555 0.04766747814664089 0.04396336001785512 0.05377588380349285 0.04378643588978884 0.0401765511601063 0.043271544798039914 0.04012074706090365 0.007 0.023 0.34 0.0003469626804376419 0.0027411993650559388 0.004108402882697908 0.033801101746114594 0.0627750000698937 0.07932023804179741 0.014020319625961246 0.03948796358502334 0.054030992112895915 0.014048233121794726 0.030288632682131007 0.03956254095922463 6.273836551771105e-05 0.00047604365313305783 0.0007120572631149025 0.007 0.023 0.34 0.007 0.023 0.34 0.007 0.023 0.34 0.007 0.023 0.34 0.005720557239380193 0.002610926783486115 0.008231910396422733 0.006241523923003857 0.002848694854554709 0.00898158970033933 0.0 0.0 0.0 0.0 0.0 0.0 0.04040325581968454 0.03608999981126902 0.037691173029004876 0.05432948846992276 0.03206230794937648 0.04032836334104001 0.07180112917306967 0.02992116393055566 0.045467906014769535 0.09250895087230686 0.029425893914609175 0.052843678784437936 0.1159630300560343 0.030357953727696636 0.06213639564065884 0.14146525372622024 0.0325272553428272 0.07296737878203786 0.16809107127523765 0.03579567932756343 0.08490656864254727 0.1947083306160288 0.04012499757288591 0.09750964905058641 0.22006166825593454 0.045655767520811893 0.11039898163268666 0.2429210143467269 0.0527924560091048 0.12337225812216364 0.26219184270820417 0.06217465254313288 0.1364253270577533 0.2767675954565933 0.0743146673965587 0.14946954010280744 0.28510871682870015 0.08891633250118741 0.16174715698645878 0.2851676896871931 0.10456115375143965 0.17160617675127035 0.27514491453964607 0.11934353272792286 0.17718035005488939 0.2541571914885237 0.13166267346117064 0.17713526799351093 0.2212385379600068 0.13988370572045034 0.17008436579284505 0.18817923218974925 0.09031695676433792 0.20432537572836434 0.135452691967734 0.08339490783748776 0.14404162423213687 0.007 0.023 0.34 0.0 0.0 0.0 0.0 0.0 0.0 0.0 0.0 0.0 0.13056021733020773 0.16588436337797646 0.12992330741022007 0.14038953684584848 0.1793828405778443 0.13968647039587925 0.14109550155698755 0.18216776599059842 0.1403549505294058 0.12906722350275476 0.17076389074815634 0.1283154142173128 0.11165115972272419 0.15507655959355593 0.11086818062622283 0.09220525385733361 0.13374679977936577 0.09145624147771132 0.07726404833463121 0.1159196858853684 0.07656707015471377 0.0665247544110594 0.10146230027457798 0.06589481506276183 0.05864373081525108 0.08919292880973699 0.05809291531290196 0.05034912247567122 0.07382172942180457 0.049925901028456426 0.045728047546127845 0.06394707268089331 0.04539955049413557 0.04214168217529149 0.05474447033271591 0.041914448350980155 0.03929147967857495 0.04580999660012465 0.039173947945880604 0.0 0.0 0.0 0.0 0.0 0.0 0.02065500023257126 0.04466312259024295 0.05837270675552797 0.012030761635680048 0.033037532720694665 0.04503322700866786 0.013979326775925296 0.026547125441602964 0.033723833849389276 0.0 0.0 0.0 0.007 0.023 0.34 0.007 0.023 0.34 0.007 0.023 0.34 0.003925067168924467 0.0017915955568196466 0.005648069546382074 0.0045939196420102385 0.0020967111147445804 0.006610677777001884 0.004989972297327231 0.0022774746746326525 0.0071805989858820364 0.0 0.0 0.0 0.0 0.0 0.0 0.0 0.0 0.0 0.04646657186571866 0.03285387596120415 0.037907200888118955 0.06135621884957834 0.03016112537497967 0.0417414136998182 0.07910589858106967 0.02908000238889904 0.04765068890040118 0.09922412251496768 0.029384257333363785 0.05531031445607705 0.12104154953149152 0.030875873724001874 0.06434730806045827 0.1436989078691938 0.03339980244494669 0.07434519803494903 0.16616108502188198 0.03687397406095477 0.08486812489855508 0.18727584028240338 0.041335406951562306 0.09551162852945767 0.20587970429640576 0.04698800544073378 0.10597201479048524 0.22090998385402605 0.05419952512560104 0.11608602597591122 0.23143248798560545 0.06335987846775926 0.1257520389307341 0.23653894363563777 0.07458004201030839 0.13470266286806182 0.23525132198689813 0.08742115099007305 0.14229888375427796 0.22660408228060297 0.10090352335379027 0.14756626908818415 0.20964938615783607 0.11366453497472345 0.14929617212375954 0.1822808204899446 0.12356712546029767 0.14536290939066457 0.1830922583304007 0.08138989267262323 0.19987197234163653 0.1394208471435368 0.07845229764160716 0.14947995262948696 0.007 0.023 0.34 0.08697140816046761 0.10295486158288608 0.08668321945162713 0.10233313881116402 0.1280753676479307 0.10186899508107758 0.11517008999028036 0.1477864099671201 0.11458200336764413 0.12741534541276558 0.16501712392904513 0.12673736877565706 0.13639558482337594 0.17734812586366205 0.13565719246133587 0.13585573519884153 0.17865266460030116 0.13508408770185912 0.12222536904282409 0.1654743255809527 0.12144557129736694 0.10370300773310939 0.14810332335634338 0.10290245047596353 0.08505404137717418 0.12749480511046504 0.08428881570414498 0.0714421026606329 0.11095971799656941 0.07072958264138944 0.06186217307602 0.09765842419427043 0.06121675089356293 0.0548032967347794 0.08623925630071695 0.05423649253051637 0.047519878611932305 0.07238068647137126 0.04707162729049423 0.04326972903652261 0.06297095728902641 0.04291450720913598 0.03999484945098449 0.054235871618751916 0.03973807754552499 0.0375718365070114 0.04603045043684037 0.03741932397029025 0.035600614600857484 0.03763777705307156 0.035563883664101445 0.007 0.023 0.34 0.0 0.0 0.0 0.01689402556584567 0.02937044950769928 0.036494979346575335 0.021986858424709044 0.025273730821227934 0.02715066451430488 0.007 0.023 0.34 0.007 0.023 0.34 0.007 0.023 0.34 0.007 0.023 0.34 0.00289098220484254 0.0013195015400930747 0.004160117873735124 0.0033723495083945705 0.0015391743029002482 0.004852831001301291 0.003721852918858081 0.0016986910962064037 0.005355768556934561 0.0 0.0 0.0 0.0 0.0 0.0 0.0 0.0 0.0 0.038840081871646226 0.03471170455155253 0.036244246831617755 0.05106609826317267 0.03138449238345793 0.03869072696706391 0.06581403765879704 0.02965946012177352 0.04308081538978652 0.0826050620484371 0.02930587117509452 0.04909167493607685 0.10081335698396936 0.030125501345468868 0.056366350728560194 0.11966199532675065 0.031961307703481545 0.06451768551305695 0.13823821841176054 0.03471779323595487 0.07314679720806513 0.15554080891305744 0.03839106275665058 0.0818795632407893 0.1705623219853978 0.043099209318176485 0.09041625283560392 0.18238620000876757 0.04908630324912908 0.09857008631279508 0.1902521376898953 0.05665764276704866 0.10625078699267737 0.19354611567112642 0.06602396995589824 0.11336292780793633 0.19172232220057314 0.07710424724465337 0.11965293703486987 0.18417574442507045 0.08937567736306244 0.12456749721402716 0.16986271423400184 0.10171716171459412 0.12701425360735438 0.14526408260262086 0.1115919401030848 0.12409176219777379 0.16958762745873093 0.07197670507921962 0.1856923006520028 0.13197509309817596 0.07213077095842485 0.14184871407254213 0.007 0.023 0.34 0.08602477521834379 0.10478726166796212 0.08568647931935061 0.09712198524886766 0.12448933808318152 0.09662853981694114 0.22356216561522876 0.12088285517098861 0.15696769571895344 0.2685782878483313 0.13576294672648648 0.18243856605008874 0.2864344196259493 0.13870099499706554 0.19061931279910227 0.295542561907778 0.13087377455698723 0.1887437281929423 0.2713378732236011 0.11181611754774347 0.16787723728637557 0.2399447037480494 0.09335748547402828 0.14487298918069047 0.07535762682635658 0.11745818008246142 0.07459853529815598 0.06462647532628604 0.10383406995167677 0.06391954511707457 0.05680857644522612 0.09235889116962141 0.05616758860433021 0.05079698338455039 0.0820791306108948 0.05023295248455269 0.0446068802802082 0.06986168614467601 0.044151525001111275 0.04076911435145692 0.061001468152233854 0.040404316096376985 0.0378004937043797 0.05274242815670011 0.037531084041549666 0.035687178753380996 0.045082040377218094 0.03551778525814854 0.03427478573363277 0.03770284653157422 0.03421297628675818 0.0 0.0 0.0 0.007 0.023 0.34 0.007 0.023 0.34 0.007 0.023 0.34 0.007 0.023 0.34 0.007 0.023 0.34 0.007 0.023 0.34 0.007 0.023 0.34 0.001714864939104367 0.0007827410686671786 0.002467652853288882 0.0021385884295624523 0.0009760777211160316 0.0030774379099626162 0.002462229922074776 0.0011237865654258278 0.003543163491808711 0.0 0.0 0.0 0.0 0.0 0.0 0.0 0.0 0.0 0.0 0.0 0.0 0.04154510311142413 0.033788989559215575 0.03666822540083596 0.053357620917922864 0.03137525441649455 0.03953558073050592 0.06694871521502718 0.03034755645151576 0.04393469225701621 0.08174606855505398 0.030510544373806785 0.04953027076046454 0.09706219386377962 0.03171239130534555 0.05597164079963395 0.11211201381467537 0.033858481131138055 0.06290787223651913 0.1260534163335262 0.03693196895923679 0.07001576328610963 0.13805230488496492 0.04101383268475181 0.07703659657213438 0.14735961278289353 0.046286336531723746 0.08380690629304449 0.15337053883678217 0.052995530105759976 0.09025688797474377 0.15562812664382158 0.061353626013689794 0.09635034432344775 0.15373833415662935 0.07138617724024786 0.10195706564103386 0.14713199496559878 0.08273576618917666 0.10664102862637556 0.1343023069478777 0.09430031212032076 0.10914991127439955 0.10757127339151124 0.10218207635206945 0.10418266197643758 0.15105764569537233 0.06406265409869691 0.16541081309674877 0.11751059814791222 0.06636191604413352 0.12594953909291462 0.0650315755639155 0.07158566389890209 0.06491340246296118 0.08108092108156058 0.10064990090381354 0.08072808375165098 0.21015578458179174 0.1111999399682693 0.1459762338362269 0.2671473659907524 0.1299063690507853 0.17813730739460865 0.30308379183272777 0.14356189042447504 0.1996230613781983 0.3290363340970392 0.14756153303824446 0.21133766506862459 0.31403768787037817 0.1308448566107616 0.1952247601856235 0.28274356053331745 0.10596878842669503 0.168093177817042 0.24875666800925 0.08542949746048006 0.1428279634309265 0.2154933593141528 0.07164369864983672 0.12219713580765197 0.18171131199969107 0.06256858515293302 0.1044392042885153 0.051847418036154856 0.08617031482863936 0.051228561081473355 0.046844385309196664 0.07704973538711132 0.04629976953631121 0.041726729859721076 0.06649619868842474 0.0412801254212587 0.03831396263523555 0.0582444411576887 0.03795460732445506 0.035667254761167416 0.05050777141338114 0.03539967370596639 0.033846802003650936 0.04337102745720243 0.03367507602156031 0.032814044116432836 0.03669190445034374 0.03274412458570576 0.0 0.0 0.0 0.007 0.023 0.34 0.007 0.023 0.34 0.007 0.023 0.34 0.007 0.023 0.34 0.007 0.023 0.34 0.007 0.023 0.34 0.0 0.0 0.0 0.0005148299495090944 0.00023520938388512478 0.0007406529211495857 0.000910950959070544 0.0004158388736186924 0.0013108059632343497 0.0012187169655963606 0.0005562532712209205 0.0017537259687216164 0.0 0.0 0.0 0.0 0.0 0.0 0.0 0.0 0.0 0.0 0.0 0.0 0.0 0.0 0.0 0.042360690858017185 0.03446842104998078 0.03739820101646493 0.05296205476746901 0.032758900207593686 0.040258744856725405 0.0646260687703676 0.032287175901575225 0.0442920671140866 0.07675523622174658 0.03290837843245902 0.04918527325092133 0.08868637881607704 0.034534165224473536 0.054636629329273795 0.09972546899489872 0.03714601626502481 0.06037685243522696 0.10919802519583097 0.04080756012827162 0.06619556881614506 0.1165050827240751 0.04566434660991502 0.07196194850727011 0.12116176146046083 0.051914396447988786 0.07762050478944099 0.12278249325390973 0.0597322188729108 0.08313783414656536 0.12095547538946677 0.06913137859012597 0.08836959576679142 0.11483699503465818 0.0797195502365497 0.09275589956901245 0.10135936173047813 0.08996238492483366 0.09419318736010536 0.0 0.0 0.0 0.12943591575973726 0.058484859265120814 0.14114201943859164 0.09788423706144642 0.061982543988445216 0.1038076011679534 0.06339088237640288 0.07091150371857095 0.06325528225939452 0.16272993836211197 0.09166754201265329 0.11664117331317728 0.2317791181940812 0.10892575995794739 0.15210041533450744 0.27554441469194596 0.12215011832776046 0.17605785009301014 0.3152074690907219 0.13447403885484385 0.19798962912840734 0.32243569202140865 0.13275659229192366 0.1994159810179212 0.3042519163967907 0.11413831114183172 0.18095039920459058 0.2738993849575974 0.09083027951083321 0.1551667018214645 0.24312853737202933 0.07359000973829719 0.13317134808125577 0.21304345401057206 0.0625663448981348 0.11544888243124113 0.18202956995225023 0.055301611012666695 0.09983792676624051 0.14917959688450333 0.05031464797484006 0.08505899814385712 0.04304852675892536 0.0713748093964643 0.042537791400062745 0.03893610047401917 0.062454170804967596 0.03851205930194122 0.035948994336303934 0.05485293065971175 0.0356081480337518 0.033649171081967 0.04769529917408377 0.03339591320257797 0.032142884344944 0.041115574998982135 0.03198110277834054 0.03145234248843146 0.03505524355361682 0.03138738059448935 0.0 0.0 0.0 0.007 0.023 0.34 0.007 0.023 0.34 0.007 0.023 0.34 0.007 0.023 0.34 0.007 0.023 0.34 0.007 0.023 0.34 0.0 0.0 0.0 0.0 0.0 0.0 0.0 0.0 0.0 0.0 0.0 0.0 0.0 0.0 0.0 0.0 0.0 0.0 0.0 0.0 0.0 0.0 0.0 0.0 0.0 0.0 0.0 0.0 0.0 0.0 0.041195529388218195 0.03680620611220123 0.0384356171325141 0.05004650029699012 0.03572097990877595 0.041038920585374845 0.05936240073441018 0.0358099876818295 0.0445531489779052 0.06859011302587281 0.036990410973835604 0.04872089868785873 0.07716337367425262 0.03924424526582865 0.05332063969476935 0.08453947286506544 0.04262337085980539 0.05818352768605445 0.09023372752089688 0.04724372706612896 0.06320253804890506 0.09382950122247435 0.05325458035730746 0.06831686195485233 0.09491965168169783 0.060763684004280755 0.07344311239068485 0.09286451510240365 0.0696802641058027 0.0782867557438124 0.08579445712146398 0.07929425174166276 0.08170726751063484 0.0 0.0 0.0 0.0 0.0 0.0 0.10552051311092625 0.05531454438684651 0.11380391725200471 0.07231527264526483 0.05895639541867094 0.07451933287457882 0.05847935411633069 0.06461075986862296 0.05836880216861132 0.17821984455190742 0.08784506995159623 0.11960569745192853 0.22738263714066007 0.0961214964959884 0.14225091935454115 0.26812790340854054 0.10382812309787616 0.16156839568955436 0.28737574372932334 0.1067432808002223 0.17022338788686292 0.28955422859341784 0.10139356813936747 0.1675193280466793 0.27531251854506306 0.08744138293129453 0.15346539441771181 0.25323667816766743 0.07257421472492676 0.13606486496525982 0.2290425762018461 0.06160505589822863 0.12044803210991382 0.20315631187967645 0.054067875634039135 0.10646238847400172 0.1750769839322318 0.048644449472566666 0.0930769434804967 0.3847897430196726 0.1269598084708299 0.37495637811679206 0.3803055890255 0.09182276679268274 0.3693031549435461 0.34066112103509905 0.06595234620492914 0.33018401476093756 0.2945182056763446 0.05121325464617058 0.2852388085018324 0.24364533207868086 0.04167874764876106 0.23594253710895396 0.18810652929827104 0.0344999442176311 0.1822481342859682 0.12286346118760216 0.02867748371012569 0.11927130620028022 0.0 0.0 0.0 0.007 0.023 0.34 0.007 0.023 0.34 0.007 0.023 0.34 0.007 0.023 0.34 0.007 0.023 0.34 0.007 0.023 0.34 0.0 0.0 0.0 0.0 0.0 0.0 0.0 0.0 0.0 0.0 0.0 0.0 0.0 0.0 0.0 0.0 0.0 0.0 0.0 0.0 0.0 0.0 0.0 0.0 0.0 0.0 0.0 0.0 0.0 0.0 0.0 0.0 0.0 0.0 0.0 0.0 0.04525996925270374 0.04067396011461529 0.04237638514894489 0.05217226641553866 0.0414632454649557 0.04543866391931834 0.05865971956413035 0.04342927003542015 0.04908313983398258 0.06427408248473804 0.04660867564223291 0.05316645386393823 0.06859168738577767 0.051082698035593815 0.05758241072652573 0.07117640591326119 0.05693613794310728 0.0622224310921124 0.07140146008437273 0.06415621022689612 0.06684580249894344 0.0 0.0 0.0 0.0 0.0 0.0 0.0 0.0 0.0 0.11247240787168752 0.04586601760271692 0.12346169187511837 0.07886099339345566 0.05428176633203955 0.08291628156733749 0.007 0.023 0.34 0.0510034157417387 0.05335715589540278 0.05096097676951515 0.17154208279116145 0.07779816701776393 0.11074282001932342 0.20979088305653382 0.08036268601075874 0.12584795302902158 0.23957995545130786 0.08191470866501181 0.13732339095576987 0.252201453491738 0.07990054315448276 0.1404526723895678 0.25319213690666725 0.07430775784891298 0.13717353155632553 0.24451953678083477 0.06625582209651205 0.12890347420910497 0.22967322005847912 0.05843083860846444 0.11861096645450393 0.21073332918208865 0.052092663013619846 0.10784413931731797 0.1883290350752083 0.04705167884706193 0.09670112478192858 0.47563584206498927 0.1352722045403448 0.4626547277761922 0.4430498909693314 0.08824557093176576 0.429518024104637 0.40328451670010385 0.06216747236584308 0.39027466826105284 0.36230871202796405 0.05026294614266636 0.35040761184067104 0.3166680356841874 0.04259542124853638 0.30621519190424334 0.26716352518188036 0.036031136514506186 0.2583483768453703 0.21557756504636574 0.029979595941091113 0.2084990520000073 0.16305966955095647 0.024497459485417688 0.15777505131720396 0.10911971204137867 0.01978093090990137 0.10571242406924455 0.04239569506035779 0.01568218126675943 0.04137686949446594 0.007 0.023 0.34 0.007 0.023 0.34 0.007 0.023 0.34 0.007 0.023 0.34 0.007 0.023 0.34 0.007 0.023 0.34 0.0 0.0 0.0 0.0 0.0 0.0 0.0 0.0 0.0 0.0 0.0 0.0 0.0 0.0 0.0 0.0 0.0 0.0 0.0 0.0 0.0 0.0 0.0 0.0 0.0 0.0 0.0 0.0 0.0 0.0 0.0 0.0 0.0 0.0 0.0 0.0 0.0 0.0 0.0 0.0 0.0 0.0 0.0 0.0 0.0 0.0 0.0 0.0 0.0 0.0 0.0 0.0 0.0 0.0 0.0 0.0 0.0 0.0 0.0 0.0 0.0 0.0 0.0 0.08501542005195956 0.0466802832084158 0.09134027423461213 0.0 0.0 0.0 0.007 0.023 0.34 0.09005709894918582 0.06091833433825682 0.07115864146732595 0.15484467454199666 0.06728213953652656 0.09805445481579443 0.18957199415900933 0.06727589334560939 0.11025471038671004 0.20945085229730376 0.06531818685163253 0.11597108107012852 0.21972200931672262 0.062206782989418556 0.11756274322430935 0.22155735315244451 0.05806383695007285 0.11552076217935241 0.21629509857972753 0.05346175905472348 0.1106866767838238 0.20529150494294168 0.04902895084804408 0.10394468142449945 0.3743097508488447 0.13763833842141948 0.3652833499208402 0.4723107615917583 0.12006185710156941 0.4588763556118903 0.4549997680116487 0.08015125847192302 0.4407034366564284 0.42808618904190715 0.059401895585697397 0.4140249544616035 0.39695161183417316 0.05108414938572805 0.38376058740079955 0.3582109161863367 0.045285276307482775 0.34627625852224286 0.3136237290396254 0.0395516959890799 0.30317090743310315 0.26582612761344876 0.03369375013350857 0.25697284074616666 0.21686403473279395 0.027912024116983236 0.2096576020399825 0.1680593707322221 0.022458320924803144 0.16250629848906245 0.11999232776200326 0.017589159281959563 0.11608677767668271 0.07205700385960975 0.013546716793896331 0.06982548251087178 0.010241821478162352 0.0012710599162901119 0.009899685984667455 0.038785461701885036 0.046747388055976336 0.04759126322777679 0.007 0.023 0.34 0.007 0.023 0.34 0.007 0.023 0.34 0.007 0.023 0.34 0.0 0.0 0.0 0.0 0.0 0.0 0.0 0.0 0.0 0.0 0.0 0.0 0.0 0.0 0.0 0.0 0.0 0.0 0.0 0.0 0.0 0.0 0.0 0.0 0.0 0.0 0.0 0.0 0.0 0.0 0.0 0.0 0.0 0.0 0.0 0.0 0.0 0.0 0.0 0.0 0.0 0.0 0.0 0.0 0.0 0.0 0.0 0.0 0.0 0.0 0.0 0.0 0.0 0.0 0.0 0.0 0.0 0.0 0.0 0.0 0.06486473433356515 0.046525479870696815 0.06789049920221824 0.05535885288599443 0.04974263266722501 0.05628546426308057 0.007 0.023 0.34 0.007 0.023 0.34 0.07200065509413392 0.05400243665227612 0.06032759446461426 0.132774348266057 0.058372329497553985 0.08451961245156338 0.16158659921335433 0.05660323164037085 0.09349779260566607 0.1793515287263855 0.05404074705762005 0.09807902074581164 0.18900163649624846 0.05121642849875861 0.09963862026208961 0.19167738752948166 0.04825543113201343 0.09865855913597757 0.18819864298822622 0.045257666882122266 0.09549176280897657 0.1792915675408971 0.04228252595849156 0.0904319476651692 0.41961116272164006 0.09596138026963227 0.4072674974402698 0.4316576677587478 0.06948053942447725 0.41784460967214454 0.42387442125349883 0.05625050426923265 0.40985362832633876 0.4051111545148493 0.05101741110299818 0.3916063883018474 0.37540684484628173 0.04681151318712492 0.3628745614741372 0.3376875000461914 0.0420374662975557 0.32641171598920654 0.29515276798676554 0.036763746601488616 0.2852980800948198 0.25025419400903415 0.031260062708478246 0.2419019861537443 0.20471653135013834 0.025776728824902638 0.19789195383566552 0.15968197778250923 0.020540129294685978 0.1543752527436333 0.11580130290504267 0.015773809189294344 0.11198635857847064 0.07317835240017635 0.011710890128228997 0.0708340474720781 0.03075931060231905 0.008565010452886792 0.029912843133305746 0.007693080579323556 0.0009547504023705992 0.00743608769142629 0.03857460142515355 0.0524542835512227 0.0539253746688457 0.007 0.023 0.34 0.007 0.023 0.34 0.007 0.023 0.34 0.007 0.023 0.34 0.0 0.0 0.0 0.0 0.0 0.0 0.0 0.0 0.0 0.0 0.0 0.0 0.0 0.0 0.0 0.0 0.0 0.0 0.0 0.0 0.0 0.0 0.0 0.0 0.0 0.0 0.0 0.0 0.0 0.0 0.0 0.0 0.0 0.0 0.0 0.0 0.0 0.0 0.0 0.0 0.0 0.0 0.007 0.023 0.34 0.0 0.0 0.0 0.0 0.0 0.0 0.0 0.0 0.0 0.0 0.0 0.0 0.0 0.0 0.0 0.007 0.023 0.34 0.007 0.023 0.34 0.007 0.023 0.34 0.007 0.023 0.34 0.10708091057227442 0.05140940555775384 0.07097417837150516 0.13398051466836736 0.04917412023515276 0.0789778383097128 0.15045869802329628 0.04652669742374037 0.08305177392883237 0.15974726618610116 0.04403502239850346 0.08470005850419658 0.1629074456711789 0.041708221067301585 0.08430156022634169 0.1605472426482311 0.03945781282350565 0.08201256653547222 0.3357196954833883 0.07952338102729334 0.32594863514771316 0.38249910647454144 0.06071906466791762 0.37022675115208653 0.3943643369165775 0.052027507423378416 0.3813079671432527 0.38936104326540505 0.048863787312421095 0.376374832909055 0.37058591419186093 0.04609862773356975 0.35821030738083154 0.34169808903196114 0.04244494075827105 0.33028488594342076 0.3062451222909877 0.0380365781655578 0.2960159280390841 0.26697118965069233 0.033174701298531735 0.25805443532966393 0.2258732523214955 0.028115392597376235 0.21833097372423838 0.18436385268218633 0.023067710562802116 0.17821218598117985 0.14340694392876227 0.01821894672232978 0.13863240423015935 0.10360769152055398 0.013759642418098945 0.10018098059894452 0.06522633539258701 0.009900006225678415 0.06311624687867153 0.027990924145147724 0.0068650364860747895 0.027185204814642393 0.00591495277301963 0.0007340744409871809 0.005717359474764918 0.037578742934458016 0.05468393724524842 0.05649689659022916 0.007 0.023 0.34 0.007 0.023 0.34 0.007 0.023 0.34 0.007 0.023 0.34 0.007 0.023 0.34 0.0 0.0 0.0 0.0 0.0 0.0 0.0 0.0 0.0 0.0 0.0 0.0 0.0 0.0 0.0 0.0 0.0 0.0 0.0 0.0 0.0 0.0 0.0 0.0 0.0 0.0 0.0 0.007 0.023 0.34 0.007 0.023 0.34 0.007 0.023 0.34 0.007 0.023 0.34 0.007 0.023 0.34 0.007 0.023 0.34 0.007 0.023 0.34 0.007 0.023 0.34 0.007 0.023 0.34 0.007 0.023 0.34 0.007 0.023 0.34 0.007 0.023 0.34 0.007 0.023 0.34 0.007 0.023 0.34 0.077650769150296 0.04602520727462675 0.057139455632800616 0.1053772333139664 0.0439674244227448 0.06554882336605092 0.1214233718796549 0.041334271240924675 0.06948017924980152 0.13056602827956093 0.038989632995225565 0.07117254898380883 0.1340664481325696 0.03693443598546682 0.07106977596064683 0.13252740458477671 0.035039561193110955 0.06929995181059159 0.30887381526276403 0.05413703684910785 0.2991584201101069 0.34249183889681895 0.04665331183201698 0.3312088659012693 0.35248349527984774 0.04455632039390031 0.3407394738594295 0.34614949699466024 0.043101232267151526 0.3345915521211731 0.3276927618218463 0.0407008827734179 0.316747190758561 0.30087323639952146 0.03735444943473226 0.29082290459641447 0.26866809736330394 0.033357322429685164 0.2596935897307794 0.23330417933044795 0.028978891032297702 0.2255114258542554 0.19641298954438863 0.02443226183669196 0.1898538238882675 0.15916818196923543 0.01989196950105635 0.15385633242822996 0.12239315034939914 0.015517994830079184 0.11831704334067436 0.08663665178972431 0.011478348875874206 0.08377019247294117 0.052200872364138826 0.007965253997085815 0.05051377199750007 0.019062489571302178 0.005196844535882966 0.018533668325291026 0.004043594955111143 0.0005018298235314557 0.0039085157254628725 0.0033969782173303973 0.0004215897301981089 0.0032835000024249088 0.007 0.023 0.34 0.007 0.023 0.34 0.007 0.023 0.34 0.007 0.023 0.34 0.007 0.023 0.34 0.007 0.023 0.34 0.0 0.0 0.0 0.0 0.0 0.0 0.0 0.0 0.0 0.0 0.0 0.0 0.0 0.0 0.0 0.0 0.0 0.0 0.0 0.0 0.0 0.007 0.023 0.34 0.007 0.023 0.34 0.007 0.023 0.34 0.007 0.023 0.34 0.007 0.023 0.34 0.007 0.023 0.34 0.007 0.023 0.34 0.007 0.023 0.34 0.007 0.023 0.34 0.007 0.023 0.34 0.007 0.023 0.34 0.007 0.023 0.34 0.007 0.023 0.34 0.007 0.023 0.34 0.007 0.023 0.34 0.0 0.0 0.0 0.07503492279262344 0.040425882933929055 0.05258862223765022 0.09171132962188808 0.037857979126476475 0.056783793462324504 0.1009842613438689 0.0355053994515036 0.058516795617153984 0.1048476494371202 0.03351602945753731 0.05858427467514689 0.18134284172649032 0.05005913497759911 0.17633581802102505 0.26997837412708775 0.04107915226686597 0.2612483964444126 0.2973652399683188 0.03874852066309136 0.28750186791509286 0.30467229841872906 0.03819479868594211 0.29450912439525906 0.2978185446069752 0.0370432023441948 0.2878728449246223 0.2808140102037 0.03487530723742784 0.27143416447616536 0.2568333549586581 0.03188831903591151 0.24825418580519848 0.2283039798291709 0.028349170770694137 0.2206779118747327 0.19704867635453846 0.02448236778681983 0.1904671772549139 0.1644210523412201 0.020467247697053575 0.15893080431125012 0.13141324106305036 0.016454912408070746 0.1270288502580504 0.0987403692702806 0.012588614044543757 0.09545463114355493 0.06690185778085445 0.00902324694547517 0.06469442790498685 0.03620919954737689 0.0059400227167811445 0.035054764700213396 0.006743504921389811 0.0035500774832680315 0.006621710928210272 0.0021938303067342013 0.00027226521362901286 0.002120543817412452 0.0016588183863686186 0.0002058755486727643 0.00160340466130566 0.007 0.023 0.34 0.007 0.023 0.34 0.007 0.023 0.34 0.007 0.023 0.34 0.007 0.023 0.34 0.007 0.023 0.34 0.007 0.023 0.34 0.007 0.023 0.34 0.007 0.023 0.34 0.007 0.023 0.34 0.007 0.023 0.34 0.007 0.023 0.34 0.007 0.023 0.34 0.007 0.023 0.34 0.007 0.023 0.34 0.007 0.023 0.34 0.007 0.023 0.34 0.007 0.023 0.34 0.007 0.023 0.34 0.007 0.023 0.34 0.007 0.023 0.34 0.007 0.023 0.34 0.007 0.023 0.34 0.007 0.023 0.34 0.007 0.023 0.34 0.007 0.023 0.34 0.007 0.023 0.34 0.007 0.023 0.34 0.007 0.023 0.34 0.039780902434584674 0.037835000321164845 0.03851885344776754 0.060995578201980705 0.03595193955604765 0.04475308657748285 0.07126107874664353 0.03360242715154155 0.046836898947089575 0.07577114069497216 0.03159831981611494 0.04712208201388485 0.16396466794629308 0.03728317955576197 0.15913316805096908 0.22553826430489307 0.03274255659686971 0.2181852370122341 0.24850875937204264 0.0320940689059702 0.24025492870098183 0.25420784599495555 0.031866724968166046 0.2457279874409141 0.24787807645044563 0.030854851947437076 0.2396010369256437 0.23298048325755524 0.028951594178162624 0.2251990341385549 0.21213886779347554 0.026353027635885366 0.20505318954104693 0.18735021154341633 0.023280050355089163 0.18109274664717623 0.16012795562562387 0.019920084895840018 0.15478057360982198 0.13161227302367826 0.01642783784750057 0.12721925875168735 0.10265534447668484 0.012939252250046614 0.09923366625274728 0.07388826791301331 0.00958849301358346 0.07143594153413275 0.04576999748217547 0.006524456367166005 0.044273213459520476 0.018610418342887618 0.003923480343767513 0.018050273839480577 0.000752183094395938 9.335145174094605e-05 0.0007270559424105525 0.00037711087347768927 4.681006784435515e-05 0.000364513545106213 0.0 0.0 0.0 0.007 0.023 0.34 0.007 0.023 0.34 0.007 0.023 0.34 0.007 0.023 0.34 0.007 0.023 0.34 0.007 0.023 0.34 0.007 0.023 0.34 0.007 0.023 0.34 0.007 0.023 0.34 0.007 0.023 0.34 0.007 0.023 0.34 0.007 0.023 0.34 0.007 0.023 0.34 0.007 0.023 0.34 0.007 0.023 0.34 0.007 0.023 0.34 0.007 0.023 0.34 0.007 0.023 0.34 0.007 0.023 0.34 0.007 0.023 0.34 0.007 0.023 0.34 0.007 0.023 0.34 0.007 0.023 0.34 0.007 0.023 0.34 0.007 0.023 0.34 0.007 0.023 0.34 0.007 0.023 0.34 0.007 0.023 0.34 0.007 0.023 0.34 0.007 0.023 0.34 0.0 0.0 0.0 0.04051699771306934 0.03334655071611931 0.035866478396029924 0.046749218896185094 0.03143712660582547 0.036818292552137526 0.12458107048350513 0.028575535843228902 0.1209195194829748 0.1783994045837056 0.02606577224502903 0.17258955866186332 0.19861948554657982 0.02585952787180624 0.1920306008719012 0.20377557168583724 0.025680431725322667 0.19698320872097924 0.19861113856039203 0.0247983649480471 0.1919821005834686 0.1860890673545167 0.023172509166954916 0.17987559967403605 0.16839954206655733 0.020959049630026243 0.1627763153992358 0.14720938432089692 0.018336095489524012 0.14229429144182257 0.12379356152541061 0.01546154852196515 0.1196618914910893 0.0991265058050508 0.012472333057292393 0.09582160599783104 0.07395366958930216 0.009495483915164579 0.07149530158862552 0.04904911675591067 0.006687431057751077 0.047433486227593455 0.024652588408640683 0.00417312322549778 0.02387152295743904 0.0 0.0 0.0 0.0 0.0 0.0 0.0 0.0 0.0 0.0 0.0 0.0 0.007 0.023 0.34 0.007 0.023 0.34 0.007 0.023 0.34 0.007 0.023 0.34 0.007 0.023 0.34 0.007 0.023 0.34 0.007 0.023 0.34 0.007 0.023 0.34 0.007 0.023 0.34 0.007 0.023 0.34 0.007 0.023 0.34 0.007 0.023 0.34 0.007 0.023 0.34 0.007 0.023 0.34 0.007 0.023 0.34 0.007 0.023 0.34 0.007 0.023 0.34 0.007 0.023 0.34 0.007 0.023 0.34 0.007 0.023 0.34 0.007 0.023 0.34 0.007 0.023 0.34 0.007 0.023 0.34 0.007 0.023 0.34 0.007 0.023 0.34 0.007 0.023 0.34 0.007 0.023 0.34 0.007 0.023 0.34 0.007 0.023 0.34 0.007 0.023 0.34 0.007 0.023 0.34 0.007 0.023 0.34 0.0 0.0 0.0 0.0763902923410851 0.02208299049067845 0.0743190684666332 0.13180558499196302 0.020395889004079168 0.12755653533725614 0.15065821333231072 0.020175975534995304 0.14568175681708642 0.15601203233956062 0.01995724073400973 0.15082304443176087 0.15237449321187344 0.01919598858339993 0.147295203890704 0.1423334989435847 0.017840714233183053 0.13758547392478604 0.1277475239208014 0.015999970572751942 0.12348558873861132 0.11002762618765834 0.013813441972979675 0.1063581175098881 0.09026220605437775 0.011414787263346547 0.08725504770412973 0.06929549535312009 0.008927941093558557 0.06699313976990422 0.04778484652729383 0.006474701641862189 0.04620932066928931 0.026244425305722338 0.004185937048218607 0.02540313756067639 0.005075905325240776 0.0022130249154864627 0.004966718051111093 0.0 0.0 0.0 0.0 0.0 0.0 0.0 0.0 0.0 0.0 0.0 0.0 0.007 0.023 0.34 0.007 0.023 0.34 0.007 0.023 0.34 0.007 0.023 0.34 0.007 0.023 0.34 0.007 0.023 0.34 0.007 0.023 0.34 0.007 0.023 0.34 0.007 0.023 0.34 0.007 0.023 0.34 0.007 0.023 0.34 0.007 0.023 0.34 0.007 0.023 0.34 0.007 0.023 0.34 0.007 0.023 0.34 0.007 0.023 0.34 0.007 0.023 0.34 0.007 0.023 0.34 0.007 0.023 0.34 0.007 0.023 0.34 0.007 0.023 0.34 0.007 0.023 0.34 0.007 0.023 0.34 0.007 0.023 0.34 0.007 0.023 0.34 0.007 0.023 0.34 0.007 0.023 0.34 0.007 0.023 0.34 0.007 0.023 0.34 0.007 0.023 0.34 0.007 0.023 0.34 0.007 0.023 0.34 0.007 0.023 0.34 0.007 0.023 0.34 0.08658353143712023 0.015586133306925952 0.08387576469083098 0.10562082489827485 0.015175933945197095 0.1021713510507206 0.11171876574276944 0.01486034842713058 0.10802468668617435 0.10970959977671499 0.014179181779087911 0.10606616922960206 0.10198617607720978 0.01304853252284957 0.09859418707406059 0.09017910090249188 0.01153075190301763 0.08717953486655347 0.07551058715367863 0.009731408669649442 0.07300183786443488 0.05892675498732797 0.0077638363321207516 0.056975454609761673 0.04117058694485784 0.005742341468817462 0.03981939059814838 0.022831584641270983 0.0037866965164611256 0.02210523246345466 0.0043819615410173535 0.002030769689370121 0.004292289535032545 0.0 0.0 0.0 0.0 0.0 0.0 0.0 0.0 0.0 0.0 0.0 0.0 0.0 0.0 0.0 
