50 50
25
[-5. -3.  0.] 4 (0.7320453439234335, 0.47554448101926117, 0.9521862527679054) 0 0.6278195441075197 1 
[-5. -4. -5.] 2 (0.1456080104128512, 0.3573424158367574, 0.13509797161393922) 0 0.9725282100575593 1 
[-10.   5.  -2.] 1 (0.9341252877168961, 0.8879398805462204, 0.8311713642352089) 0 0.3181601208278082 1 
[-5.  5. -1.] 4 (0.7387497973665994, 0.9753599103868733, 0.89380786087137) 0 0.07935359032981226 1 
[-9.  7.  0.] 0 (0.7471618138219617, 0.12167472651130173, 0.21455116016140707) 0 0.24763244491460035 1 
[-9. -1.  4.] 0 (0.17320236283283064, 0.8100821600296254, 0.6844078019238802) 0 0.4675202193401463 1 
[ 8. -6. -4.] 2 (0.7947608913274452, 0.09400024942194607, 0.669931747642788) 0 0.6485335916965189 1 
[ 0.  9. -4.] 0 (0.3369797276306441, 0.4605373302032397, 0.7134161659557668) 0 0.48877101391689926 1 
[7. 6. 5.] 4 (0.14332846685030254, 0.4686234836692409, 0.7545557778798492) 0 0.49553614326550943 1 
[-6. -8. -2.] 2 (0.7827110092393796, 0.0872711953069486, 0.15124951599931358) 0 0.1986147331048469 1 
[-10.   7.  -4.] 2 (0.5188569569008473, 0.6941223478747052, 0.7579183557622226) 0 0.39628664609889497 1 
[ 7.  6. -8.] 0 (0.8765457461362013, 0.0894180722129817, 0.11695897774750075) 0 0.8280610575207084 1 
[9. 0. 0.] 3 (0.40023097556003984, 0.886861957841444, 0.0802805751400597) 0 0.043565399273709726 1 
[-1.  8.  7.] 1 (0.31895497668497164, 0.6650353404493681, 0.759869256793838) 0 0.6374886467642519 1 
[ -5.   2. -10.] 1 (0.8816864949558508, 0.22733595263849393, 0.016391892202195613) 0 0.13098342385996897 1 
[-4. -5.  9.] 0 (0.18562477364296515, 0.07616332621215638, 0.6607788319992736) 0 0.4026575176538274 1 
[-2. -9. -5.] 4 (0.5855504199298007, 0.43622634461923393, 0.7941348956825822) 0 0.5261935321108965 1 
[-3. -2. -3.] 0 (0.47861039977821906, 0.21346948915161046, 0.9938018585694304) 0 0.931698326141992 1 
[-2.  4. -8.] 4 (0.38138102229420234, 0.796140873305257, 0.3466478350569131) 0 0.7892296248563521 1 
[ 2.  3. -3.] 3 (0.4537318682634882, 0.3388707910109727, 0.271237304681745) 0 0.43032676641695633 1 
[ 1. -8.  0.] 1 (0.05390965846124818, 0.7293148764641895, 0.25474024458633715) 0 0.5531781955705146 1 
[-1.  7.  6.] 2 (0.77289535985223, 0.5379544763976029, 0.0068572580573605935) 0 0.30577241320589454 1 
[ 4.  1. -7.] 2 (0.2501728523221708, 0.4267241158403553, 0.14452776566442183) 0 0.6211968789112156 1 
[-8. -5. -8.] 2 (0.7202599016573263, 0.6900260982181547, 0.3216843347838745) 0 0.9126815189298337 1 
[ -6.  -2. -10.] 2 (0.9173022408742247, 0.8252123864245312, 0.1680515758378226) 0 0.9778210789174026 1 
2
[ 0. 10.  0.] 50
[ 0.  0. 50.] 100
0.003261697702589728 0.010246628227858755 0.016386338665241657 0.003318975400937849 0.009836359971178085 0.01556510042544353 0.003491413320102276 0.009924676345975703 0.015579474486557538 0.0037053209788351234 0.010171350853953315 0.015854950850986035 0.0039461017659271555 0.010519808722264814 0.016298056203197117 0.004204897355741089 0.01094746862746797 0.016874146790129465 0.004472567433089983 0.011442243693037491 0.01756854572618927 0.004736642953248059 0.01199614375513547 0.018377199755949595 0.004977564788789815 0.01260330644595532 0.019306285878020798 0.005160785249118327 0.013262082483179016 0.020383072306107555 0.005208821273772368 0.013999464546434779 0.02172638524481874 0.007 0.023 0.34 0.007 0.023 0.34 0.007 0.023 0.34 0.007 0.023 0.34 0.007 0.023 0.34 0.007 0.023 0.34 0.007 0.023 0.34 0.007 0.023 0.34 0.007 0.023 0.34 0.007 0.023 0.34 0.007 0.023 0.34 0.007 0.023 0.34 0.007 0.023 0.34 0.007 0.023 0.34 0.007 0.023 0.34 0.007 0.023 0.34 0.007 0.023 0.34 0.007 0.023 0.34 0.007 0.023 0.34 0.007 0.023 0.34 0.007 0.023 0.34 0.007 0.023 0.34 0.007 0.023 0.34 0.007 0.023 0.34 0.007 0.023 0.34 0.007 0.023 0.34 0.007 0.023 0.34 0.007 0.023 0.34 0.007 0.023 0.34 0.007 0.023 0.34 0.007 0.023 0.34 0.007 0.023 0.34 0.007 0.023 0.34 0.007 0.023 0.34 0.007 0.023 0.34 0.007 0.023 0.34 0.007 0.023 0.34 0.007 0.023 0.34 0.007 0.023 0.34 0.0025052233514910992 0.007473955831008805 0.01184144074080085 0.002596779705634067 0.007509508523283836 0.011827766563022079 0.00272271805366872 0.007658973198182742 0.011997910732739035 0.0028740871742591037 0.007889077521877872 0.012297222809688528 0.0030461390382981765 0.008184880865868108 0.012701802933970142 0.0032352040937497035 0.008538582766930168 0.013200219597149874 0.0034373775481833816 0.00894577062162035 0.013787613833065326 0.0036475905361597867 0.0094038845256854 0.014463631098722882 0.0038586044457454716 0.009911701672855544 0.015232336443571436 0.004059582533359954 0.010469857166852033 0.016104448653676637 0.004233650704002265 0.01108395864774198 0.017105336674239358 0.004352770517818726 0.011779103443550664 0.01830680384238041 0.00436058337612837 0.012734337262267722 0.020094814785818357 0.007 0.023 0.34 0.007 0.023 0.34 0.007 0.023 0.34 0.007 0.023 0.34 0.007 0.023 0.34 0.007 0.023 0.34 0.007 0.023 0.34 0.007 0.023 0.34 0.007 0.023 0.34 0.007 0.023 0.34 0.007 0.023 0.34 0.007 0.023 0.34 0.007 0.023 0.34 0.007 0.023 0.34 0.008353358949779267 0.015646677582541683 0.01764521330288615 0.008144243578947 0.01532737943601501 0.01729572256172872 0.007 0.023 0.34 0.007 0.023 0.34 0.007 0.023 0.34 0.007 0.023 0.34 0.007 0.023 0.34 0.007 0.023 0.34 0.007 0.023 0.34 0.007 0.023 0.34 0.007 0.023 0.34 0.007 0.023 0.34 0.007 0.023 0.34 0.007 0.023 0.34 0.007 0.023 0.34 0.007 0.023 0.34 0.007 0.023 0.34 0.007 0.023 0.34 0.007 0.023 0.34 0.007 0.023 0.34 0.007 0.023 0.34 0.007 0.023 0.34 0.007 0.023 0.34 0.0018641591272053292 0.005510753674936824 0.008716087575483861 0.0019322981514470802 0.0055855849981886925 0.008796801387893476 0.0020233709015607367 0.005731074574918982 0.008990123016372703 0.002133643244125927 0.005933808760543982 0.009274130586298415 0.002260898342722718 0.0061868936230119 0.009637819027682135 0.0024034348376356135 0.006486723777725309 0.010075909329911353 0.0025595275379333288 0.006831609004761166 0.010586742012361509 0.00272702200835772 0.007221159005572836 0.011171477441670317 0.002902932963913367 0.007656113445531762 0.011834129491386871 0.003082972658438136 0.008138654434836983 0.012582567235164656 0.0032609581686719436 0.008673681252171184 0.013431431138186503 0.0034281138893742383 0.009272863008012389 0.014410361088740263 0.0035728095497556726 0.009969791859545775 0.015592699476606055 0.003688411236861615 0.010920100034334121 0.017276709456449577 0.007 0.023 0.34 0.007 0.023 0.34 0.007 0.023 0.34 0.007 0.023 0.34 0.007 0.023 0.34 0.007 0.023 0.34 0.007 0.023 0.34 0.007 0.023 0.34 0.007 0.023 0.34 0.007 0.023 0.34 0.007 0.023 0.34 0.005290675032528772 0.010818453756391615 0.012333191256570699 0.0031252310898797985 0.006098060034574969 0.006912682997811244 0.0024627841007016722 0.00475195046878266 0.00537923428658677 0.002345771579530366 0.004529340711397084 0.005127688477018331 0.0027788846984466526 0.005436976194171636 0.0061653539148825934 0.017682067602197416 0.012550245988127623 0.0009494715968235228 0.007 0.023 0.34 0.007 0.023 0.34 0.007 0.023 0.34 0.007 0.023 0.34 0.007 0.023 0.34 0.007 0.023 0.34 0.007 0.023 0.34 0.007 0.023 0.34 0.007 0.023 0.34 0.007 0.023 0.34 0.007 0.023 0.34 0.007 0.023 0.34 0.007 0.023 0.34 0.007 0.023 0.34 0.007 0.023 0.34 0.007 0.023 0.34 0.007 0.023 0.34 0.007 0.023 0.34 0.007 0.023 0.34 0.001295657049128328 0.0038291406998876443 0.00605605705320482 0.0013465389098106639 0.0039126671037644405 0.006168277807275872 0.001414810431958743 0.004048457786333647 0.0063634174114214955 0.0014984485174596197 0.00422914632362442 0.00662941269151401 0.0015962848866242598 0.004450859783248448 0.006960013342283986 0.001707532976292453 0.004711763105420182 0.007352462681941062 0.0018315104079415572 0.005011380352991853 0.007806466234020502 0.0019674318702832105 0.005350291192364804 0.008323803471813345 0.0021142203229240924 0.0057300799932151905 0.008908398127874534 0.0022703151295586435 0.00615356589750507 0.009566919141991 0.0024334838726520155 0.006625532000474883 0.010310316201447907 0.0026007144165670452 0.007154639918904977 0.011157512078709528 0.0027685389178687104 0.007758863666652985 0.012145328046677858 0.002935663856286156 0.008485097690627288 0.013363015475351106 0.0031276895029349184 0.009545190373511968 0.015186133677737346 0.007 0.023 0.34 0.007 0.023 0.34 0.007 0.023 0.34 0.007 0.023 0.34 0.007 0.023 0.34 0.007 0.023 0.34 0.007 0.023 0.34 0.007 0.023 0.34 0.007 0.023 0.34 0.007 0.023 0.34 0.00038273752781641505 0.000686295388464096 0.0007694771686992969 0.018360076189885024 0.037689682549249856 0.042986435744133446 0.019988698135219557 0.04130957909801973 0.04715198697006266 0.011868444327800582 0.02421974851484649 0.02760428768742094 0.0 0.0 0.0 0.0 0.0 0.0 0.01178888767718947 0.008325031471631031 0.0004947876739058284 0.007 0.023 0.34 0.007 0.023 0.34 0.007 0.023 0.34 0.007 0.023 0.34 0.007 0.023 0.34 0.007 0.023 0.34 0.007 0.023 0.34 0.007 0.023 0.34 0.007 0.023 0.34 0.007 0.023 0.34 0.007 0.023 0.34 0.007 0.023 0.34 0.007 0.023 0.34 0.007 0.023 0.34 0.007 0.023 0.34 0.007 0.023 0.34 0.007 0.023 0.34 0.007 0.023 0.34 0.0007959131889591479 0.002344901824111122 0.0037064531890423826 0.0008358621325970071 0.0024306537293190557 0.0038324656122608377 0.0008897067628586237 0.002558069810458313 0.004024550540600898 0.0009561751271104188 0.002722422766332853 0.004274943442996164 0.0010345958310897705 0.0029212671424420967 0.004579639477043752 0.0011246289792525895 0.0031536243453896664 0.004937098637912217 0.0012261052950155228 0.0034195888981563612 0.005347647326756603 0.0013389113968326862 0.0037201613602505876 0.005813265250335656 0.0014628952835772048 0.004057247090519017 0.006337666174101862 0.0015977847435439804 0.004433841066438823 0.006926716914479213 0.004226057650577506 0.011882097601571724 0.018611709045248788 0.0064119116911954405 0.01864861215885401 0.029404595673452813 0.008285685888569181 0.0239760026993907 0.037767693474373025 0.009709505467577116 0.026833164271772868 0.04188475373368164 0.010685895952253634 0.025508237317849788 0.038536983081258504 0.0027480749999737345 0.008698444325139294 0.01392878190972034 0.007 0.023 0.34 0.007 0.023 0.34 0.007 0.023 0.34 0.007 0.023 0.34 0.007 0.023 0.34 0.007 0.023 0.34 0.007 0.023 0.34 0.007 0.023 0.34 0.008476965798165688 0.00596630068209209 0.00029079951037677134 0.005632605848194992 0.004002015991904726 0.0003159749581106962 0.08529449563654963 0.17780880951977504 0.20315984246494562 0.08710734142062469 0.18161713233993326 0.20751497152469753 0.07633117857137989 0.15913965901485685 0.18183107213512145 0.0 0.0 0.0 0.0 0.0 0.0 0.005957452237564093 0.004211623475768551 0.0002650783472487277 0.007704918774695442 0.005412379780950917 0.00022996510449722866 0.007 0.023 0.34 0.007 0.023 0.34 0.007 0.023 0.34 0.007 0.023 0.34 0.007 0.023 0.34 0.007 0.023 0.34 0.007 0.023 0.34 0.007 0.023 0.34 0.007 0.023 0.34 0.007 0.023 0.34 0.007 0.023 0.34 0.007 0.023 0.34 0.007 0.023 0.34 0.007 0.023 0.34 0.007 0.023 0.34 0.007 0.023 0.34 0.007 0.023 0.34 0.00035567254889154216 0.001013455328407994 0.0015916422956681084 0.00038915122164102304 0.0010998930382516503 0.0017246306693479427 0.00043407100612025335 0.0012209776114604687 0.0019126636175810213 0.000489533665233624 0.0013733483392213467 0.002150215934248083 0.0005551124688788265 0.0015553137913055645 0.002434484525584428 0.0006306806740807951 0.0017663303311331142 0.002764559308127254 0.0007163109839284283 0.0020067487161810854 0.003141035447429455 0.0008122095659645345 0.0022777161106808295 0.003565887237952139 0.002724058598089824 0.008051694939382462 0.012734654108823167 0.005678626713520963 0.017696390965816607 0.028259930910401063 0.008623034911923967 0.02723743849064431 0.04359938332667046 0.011409912799842806 0.03615581711113555 0.0579073129109697 0.013841732074677775 0.0436820119537241 0.0699114321555451 0.015687439263597128 0.048691570361802765 0.07770199608434096 0.016782251950703004 0.049515759730689675 0.07828830924165248 0.01738323607008239 0.043086723716844064 0.06567992930579829 0.007 0.023 0.34 0.007 0.023 0.34 0.007 0.023 0.34 0.007 0.023 0.34 0.007 0.023 0.34 0.007 0.023 0.34 0.007 0.023 0.34 0.006515264815418586 0.004557277272533619 0.00013113516273824838 0.003270213982821472 0.0023102203470589094 0.00014010017861109983 0.0010243503763311397 0.0007419949473737467 0.00010371445443647549 0.0 0.0 0.0 0.0 0.0 0.0 0.0 0.0 0.0 0.0 0.0 0.0 0.0005362392846783055 0.0003980919507932213 8.580205186782432e-05 0.0012211827718916542 0.0008764040486681611 9.701215163266443e-05 0.002461876037753466 0.0017405539830991662 0.00010996448704684835 0.007 0.023 0.34 0.007 0.023 0.34 0.007 0.023 0.34 0.007 0.023 0.34 0.007 0.023 0.34 0.007 0.023 0.34 0.007 0.023 0.34 0.007 0.023 0.34 0.007 0.023 0.34 0.007 0.023 0.34 0.007 0.023 0.34 0.007 0.023 0.34 0.007 0.023 0.34 0.007 0.023 0.34 0.007 0.023 0.34 0.007 0.023 0.34 0.007 0.023 0.34 0.0 0.0 0.0 0.0 0.0 0.0 0.0 0.0 0.0 8.215050873457112e-05 0.0001506025556080056 0.00021077147856702987 0.0001392100522343151 0.00031982297184901076 0.000478580603535238 0.00020486257740195724 0.0005145229530820073 0.0007867124950865768 0.00027927930068549756 0.0007351479630829414 0.0011358536786905517 0.0030885040985388426 0.009674614144803492 0.015463763864549054 0.006554960007467087 0.02103830077708703 0.033769067127548895 0.010173152749785497 0.03286012297556298 0.052801828534965976 0.013833041957125822 0.04478445209285989 0.07199054887143397 0.017367274805084595 0.05624821495348038 0.09042431923694727 0.020532704966875984 0.06638976053955957 0.10669782684153746 0.023007491691090853 0.073927829648916 0.11868648963897831 0.02446226717160769 0.07699876687101653 0.12317802296828467 0.024890517196501174 0.07278663250552252 0.11488701961875972 0.025727198893396246 0.052605639474822996 0.07623162137705615 0.007 0.023 0.34 0.007 0.023 0.34 0.007 0.023 0.34 0.007 0.023 0.34 0.007 0.023 0.34 0.007 0.023 0.34 0.0011213652852294718 0.0007968239442603041 6.317979986674341e-05 0.021623544926739412 0.01607537096320193 0.003533408425329807 0.08315287920983834 0.05805621383154238 0.0013237755430698529 0.09022106404710077 0.06290419959507924 0.0011528751303105864 0.08444591222923356 0.05887018844594653 0.0010548114089167764 0.06745216648025526 0.04706640323763348 0.0009832269394133243 0.04074258981009085 0.02855723314311615 0.0010115419243129464 0.005691502839697201 0.004364055342241116 0.0013632848376567337 0.0 0.0 0.0 0.0 0.0 0.0 0.0005060357730227563 0.0003655348977574679 4.792468479436375e-05 0.007 0.023 0.34 0.007 0.023 0.34 0.007 0.023 0.34 0.007 0.023 0.34 0.007 0.023 0.34 0.007 0.023 0.34 0.007 0.023 0.34 0.007 0.023 0.34 0.007 0.023 0.34 0.007 0.023 0.34 0.007 0.023 0.34 0.007 0.023 0.34 0.007 0.023 0.34 0.007 0.023 0.34 0.007 0.023 0.34 0.007 0.023 0.34 0.0 0.0 0.0 0.0 0.0 0.0 0.0 0.0 0.0 0.0 0.0 0.0 0.0 0.0 0.0 0.0 0.0 0.0 0.0030186291856616246 0.009731272952537806 0.01563164502479054 0.00680224305721373 0.022161501424450093 0.03566219388898247 0.010928876535100232 0.03556543571434195 0.057220817823982355 0.015315306625535787 0.0499003115039563 0.08030031543539105 0.019819223003246407 0.06460483451453206 0.10397110815829542 0.024254949624571434 0.07906679554707681 0.12724606680613748 0.02833458496902478 0.09231321199064786 0.1485500267553814 0.03164411298797114 0.10285667717366374 0.16545207766075118 0.033683630135975445 0.1085091580538088 0.17428033116395406 0.03418658360507404 0.10615509375245002 0.16941496603267187 0.03433953278468848 0.09030348668692038 0.13949545368612182 0.007 0.023 0.34 0.007 0.023 0.34 0.007 0.023 0.34 0.007 0.023 0.34 0.007 0.023 0.34 0.007 0.023 0.34 0.038449046516309426 0.029295052777540003 0.008601929725147369 0.12592001920495416 0.08827247868822093 0.0031680739044105876 0.20614476587929295 0.14352839243884286 0.001980521894637212 0.21495097067447194 0.14963041067463353 0.0019695727386049248 0.20667957778251464 0.14386868711113338 0.0018810993123241503 0.18357450212714882 0.1277939301454002 0.0016987772655666716 0.1477396626079335 0.1028814355866904 0.0014768641883780493 0.10109581588555042 0.07051407164042786 0.001382300865785207 0.04517575869930882 0.03189139042288966 0.0018613210059755685 0.0 0.0 0.0 0.0 0.0 0.0 0.007 0.023 0.34 0.007 0.023 0.34 0.007 0.023 0.34 0.007 0.023 0.34 0.007 0.023 0.34 0.007 0.023 0.34 0.007 0.023 0.34 0.007 0.023 0.34 0.007 0.023 0.34 0.007 0.023 0.34 0.007 0.023 0.34 0.007 0.023 0.34 0.007 0.023 0.34 0.007 0.023 0.34 0.007 0.023 0.34 0.007 0.023 0.34 0.0 0.0 0.0 0.0 0.0 0.0 0.0 0.0 0.0 0.0 0.0 0.0 0.0 0.0 0.0 0.002713840223465629 0.00875891344660974 0.014072495167804067 0.006776603990622987 0.02210507707359066 0.03557870946494714 0.011251232656891636 0.03676335834647144 0.05918835796665085 0.01611117811631457 0.05266507092876905 0.08479571509418952 0.02129642928255879 0.06962292406359033 0.11210161205280289 0.026690411424470574 0.0872591720632225 0.1404987355102432 0.032088023753713966 0.10490201688210292 0.16890506343791353 0.037247061035884696 0.12164341358867035 0.1958272819565562 0.04159503915756394 0.13573219257120236 0.2184781642409736 0.04442496382551136 0.14437831691654499 0.23223669188596544 0.045200314669729375 0.14388107128086253 0.23062084186875692 0.04499669556016208 0.12902119080333233 0.20287819891157732 0.007 0.023 0.34 0.007 0.023 0.34 0.007 0.023 0.34 0.007 0.023 0.34 0.007 0.023 0.34 0.007 0.023 0.34 0.12366898999847503 0.08912939341995979 0.011050672527662458 0.24404841275421166 0.1704042432548225 0.003927413028479889 0.35366218525117793 0.24616950691101128 0.003176198896869247 0.36572739767197143 0.25455765752933623 0.0032521423495416295 0.3545689157445574 0.2467900452517356 0.003149783612702908 0.32340732474095163 0.22510215940930636 0.0028777466616742176 0.2753060214811457 0.19163166735119141 0.002481034769113054 0.21304976501679052 0.1483494772258622 0.0020907998670903227 0.13881241238384498 0.0968969356178048 0.0021446184028737396 0.05293486385117168 0.037906461988720816 0.003933905540117835 0.0 0.0 0.0 0.007 0.023 0.34 0.007 0.023 0.34 0.007 0.023 0.34 0.007 0.023 0.34 0.007 0.023 0.34 0.007 0.023 0.34 0.007 0.023 0.34 0.007 0.023 0.34 0.007 0.023 0.34 0.007 0.023 0.34 0.007 0.023 0.34 0.007 0.023 0.34 0.007 0.023 0.34 0.007 0.023 0.34 0.007 0.023 0.34 0.007 0.023 0.34 0.0 0.0 0.0 0.0 0.0 0.0 0.0 0.0 0.0 0.0 0.0 0.0 0.001867234985869665 0.00597898102216515 0.00959318018471714 0.0060815805321157036 0.01983557456919646 0.031925249683311424 0.010805296397799431 0.035311901616600076 0.05685305500422056 0.01604520107997103 0.05245564189912441 0.08446019265569166 0.02178929518271685 0.07124003695497859 0.11470693104893073 0.027986914764014992 0.09150464505492782 0.14733633446331595 0.03452058948018709 0.11286713198462722 0.1817332549914623 0.041165694881005625 0.1345931040675107 0.21671521498112434 0.047533196898779266 0.15540678003122518 0.2502269878887201 0.0529962465296021 0.17322428218143585 0.27890397687377155 0.056654288786101195 0.1848225514163079 0.297481656179788 0.05784530093930883 0.18610834033489876 0.298850753284987 0.05763847500863611 0.1711590351362429 0.27094290060943255 0.007 0.023 0.34 0.007 0.023 0.34 0.007 0.023 0.34 0.007 0.023 0.34 0.007 0.023 0.34 0.007 0.023 0.34 0.17266159712392143 0.12679989804579714 0.023126921037293663 0.3664752516634541 0.25595575065846005 0.006120138001288397 0.524240765589073 0.36489070583775113 0.00467084017685344 0.5426687447890217 0.3777113249637954 0.004815703199094871 0.5286695615055464 0.3679672961507216 0.004690692879559501 0.48703930127703254 0.3389918458246417 0.004322159489267654 0.4223809996092303 0.2939919603757238 0.0037612410575166098 0.3388392613358473 0.23588352813090624 0.0031462424218216987 0.2394759310253531 0.16696344988014886 0.003044865490366829 0.12384550730112269 0.0875290218347672 0.005433542633931817 0.007 0.023 0.34 0.007 0.023 0.34 0.007 0.023 0.34 0.007 0.023 0.34 0.007 0.023 0.34 0.007 0.023 0.34 0.007 0.023 0.34 0.007 0.023 0.34 0.007 0.023 0.34 0.007 0.023 0.34 0.007 0.023 0.34 0.007 0.023 0.34 0.007 0.023 0.34 0.007 0.023 0.34 0.007 0.023 0.34 0.007 0.023 0.34 0.007 0.023 0.34 0.0 0.0 0.0 0.0 0.0 0.0 0.0 0.0 0.0 0.0005507023690725071 0.0016205450239130754 0.0025609300557354327 0.004795304880471929 0.015612946648773966 0.02512158640294749 0.009623359820269151 0.03144433825697948 0.05062484242621996 0.015065743938262375 0.04925379599641727 0.07930488087061636 0.021148869791160523 0.06914699052438136 0.1113370397703143 0.027878303058902276 0.09115014527948313 0.14676570060516514 0.03521519527302783 0.1151387825042086 0.18539111800577948 0.043041813011123024 0.14072852214376758 0.22659453118788547 0.05111054120991005 0.16710982258820797 0.2690724686060538 0.05896887059995093 0.19280252864897998 0.3104414807078639 0.06585529412062524 0.2153024660524164 0.34666559959076104 0.07061839617392922 0.23063127440379724 0.3712815979867596 0.07215418068630637 0.23314244127529365 0.37465011987833224 0.07233463886081859 0.21665319244185754 0.34350830238518526 0.007 0.023 0.34 0.007 0.023 0.34 0.007 0.023 0.34 0.007 0.023 0.34 0.007 0.023 0.34 0.007 0.023 0.34 0.007 0.023 0.34 0.4644528417202121 0.32658741080876574 0.01493476957534432 0.7062331072744344 0.491580876351901 0.006347310030093825 0.737510736154894 0.5133268479534973 0.006546428684938177 0.7221249557930667 0.5026171323756486 0.0064072232840864055 0.6675165483232892 0.4646087301518526 0.005924076268913421 0.5807702158131746 0.4042391131145008 0.005180523501647173 0.46811363290100655 0.3259121490277143 0.004457613663520718 0.33354128241501757 0.2327709561666681 0.00497390707592144 0.1701379617409417 0.12142065517630847 0.011292415165232024 0.007 0.023 0.34 0.007 0.023 0.34 0.007 0.023 0.34 0.007 0.023 0.34 0.007 0.023 0.34 0.007 0.023 0.34 0.007 0.023 0.34 0.007 0.023 0.34 0.007 0.023 0.34 0.007 0.023 0.34 0.007 0.023 0.34 0.007 0.023 0.34 0.007 0.023 0.34 0.007 0.023 0.34 0.007 0.023 0.34 0.007 0.023 0.34 0.007 0.023 0.34 0.0 0.0 0.0 0.0 0.0 0.0 0.0 0.0 0.0 0.003008449213810372 0.009719460861887342 0.015618398311878577 0.007806403805138022 0.02548755919240885 0.041029184679375955 0.013287642523273645 0.04343660366566005 0.06993735277583564 0.019505003343638572 0.06377186330084825 0.10268215755878284 0.026507479071052987 0.08666816143313122 0.1395490266160104 0.03432128028162459 0.11221607348712997 0.18068511167319037 0.04292166847706056 0.1403357075438772 0.22596204129801625 0.05219034695671272 0.17064036713524905 0.27475719729804643 0.061850353296347034 0.20222450337162037 0.3256125071947099 0.07136766022907144 0.23334203407920695 0.3757165000983853 0.07980890150242395 0.26093516016384066 0.4201440136756347 0.08571421378044634 0.28002743637612887 0.45082754907249234 0.08781594936730079 0.28366275168737676 0.4558108714120641 0.09007369495536756 0.26583245797869587 0.4203233162473647 0.007 0.023 0.34 0.007 0.023 0.34 0.007 0.023 0.34 0.007 0.023 0.34 0.007 0.023 0.34 0.007 0.023 0.34 0.007 0.023 0.34 0.007 0.023 0.34 0.8628263065264741 0.6014073898287685 0.010455072640924714 0.9198340418113273 0.6403461017875168 0.008547730539130964 0.9083585563678882 0.6322712539177185 0.008160217157001114 0.8394989302841878 0.5843530690204033 0.007581350128016072 0.7243055902558804 0.5042940059201657 0.006945316644917283 0.5719763609298743 0.3988533326038223 0.00749888878535424 0.3837850199401154 0.27023992259719315 0.013564777478637777 0.007 0.023 0.34 0.007 0.023 0.34 0.007 0.023 0.34 0.007 0.023 0.34 0.007 0.023 0.34 0.007 0.023 0.34 0.007 0.023 0.34 0.007 0.023 0.34 0.007 0.023 0.34 0.007 0.023 0.34 0.007 0.023 0.34 0.007 0.023 0.34 0.007 0.023 0.34 0.007 0.023 0.34 0.007 0.023 0.34 0.007 0.023 0.34 0.007 0.023 0.34 0.007 0.023 0.34 0.0 0.0 0.0 0.0 0.0 0.0 0.0008244609520764985 0.0024499197750593414 0.0038786879589232034 0.005465825100516419 0.017786527568503414 0.028616348318320467 0.010837703846568736 0.03541229211766162 0.05701320218492463 0.017005502118088135 0.05559682336208699 0.08951835443201132 0.02404618750935449 0.07862052499532252 0.12659102781760354 0.03203395578507033 0.10473748580279571 0.16864343597217368 0.041018212799359945 0.13411221230725923 0.2159412581894806 0.050989609553441645 0.16671446030053264 0.26843588350239433 0.06182679987153801 0.20214748000948551 0.3254884840906165 0.07321228565204989 0.23937321649280932 0.38542764003755553 0.08450222773147144 0.27628655390689383 0.44486378239698476 0.09453436061344886 0.30908310276918427 0.4976701111546695 0.10147456587390352 0.33146729603522107 0.5336294737097431 0.10445546745753666 0.33527791480623403 0.538169408721913 0.11310348537702197 0.31721855257925874 0.49663442564986704 0.007 0.023 0.34 0.007 0.023 0.34 0.007 0.023 0.34 0.007 0.023 0.34 0.007 0.023 0.34 0.007 0.023 0.34 0.007 0.023 0.34 0.007 0.023 0.34 0.9515450198416787 0.6926358750418695 0.10735703985529195 1.046971641808034 0.745114596729606 0.06274959230704036 1.03287559651168 0.7270542185064917 0.035727614216681684 0.9438082822897238 0.6621735601878976 0.025522266054181147 0.7912343085853017 0.5566847749641713 0.02647222516229437 0.5727514585251654 0.40947560575025366 0.04038126186338629 0.007 0.023 0.34 0.007 0.023 0.34 0.007 0.023 0.34 0.007 0.023 0.34 0.007 0.023 0.34 0.007 0.023 0.34 0.007 0.023 0.34 0.007 0.023 0.34 0.007 0.023 0.34 0.007 0.023 0.34 0.007 0.023 0.34 0.007 0.023 0.34 0.007 0.023 0.34 0.007 0.023 0.34 0.007 0.023 0.34 0.007 0.023 0.34 0.007 0.023 0.34 0.007 0.023 0.34 0.007 0.023 0.34 0.0 0.0 0.0 0.0 0.0 0.0 0.002725704891521513 0.008691762420925588 0.01393588983934372 0.007851330158864883 0.025599061317488486 0.041199206492915294 0.013807640399337366 0.04512791360925389 0.07265823873316801 0.020682360066451373 0.06762003388041 0.10887795688758786 0.02857782154742387 0.09343725427922696 0.15044829177853666 0.03759487718384084 0.1229193520600244 0.19791903417087003 0.04780702968352714 0.15630877258242665 0.2516811289631583 0.05921893573986184 0.19362084878741279 0.3117592934515413 0.07169892063374907 0.2344250735870405 0.3774603487566542 0.08486904213972404 0.27748587045223727 0.44679486313693967 0.09793169449609598 0.32019523236255604 0.5155634981386562 0.1094120918211718 0.35772179347035526 0.5759844750251166 0.11712630468866407 0.38211707602489936 0.6150423139635496 0.12312099482198616 0.3858769425556998 0.6168377844637134 0.1497568410005176 0.3736756646529146 0.5704989163275864 0.007 0.023 0.34 0.007 0.023 0.34 0.007 0.023 0.34 0.007 0.023 0.34 0.007 0.023 0.34 0.007 0.023 0.34 0.007 0.023 0.34 0.007 0.023 0.34 0.007 0.023 0.34 0.007 0.023 0.34 0.007 0.023 0.34 0.007 0.023 0.34 0.007 0.023 0.34 0.007 0.023 0.34 0.007 0.023 0.34 0.007 0.023 0.34 0.007 0.023 0.34 0.007 0.023 0.34 0.007 0.023 0.34 0.007 0.023 0.34 0.007 0.023 0.34 0.007 0.023 0.34 0.007 0.023 0.34 0.007 0.023 0.34 0.007 0.023 0.34 0.007 0.023 0.34 0.007 0.023 0.34 0.007 0.023 0.34 0.007 0.023 0.34 0.007 0.023 0.34 0.007 0.023 0.34 0.007 0.023 0.34 0.007 0.023 0.34 0.0 0.0 0.0 0.0 0.0 0.0 0.004477545943670626 0.014409738771919721 0.023140074421371563 0.0100751142111207 0.03286684307998602 0.05290063083434367 0.016609241593250126 0.05428730724610356 0.08740609233814463 0.024189303002580986 0.07908618247485838 0.12734019769467494 0.03294236566010711 0.10770746719104585 0.17342552588337865 0.042994899280004446 0.14057514106596852 0.22634756597531372 0.05444185896011629 0.17800185892918682 0.2866103295086297 0.06729498442377825 0.22002611694827295 0.3542758313987735 0.08139594942868314 0.2661302865556163 0.4285106185715255 0.09627166364587932 0.31476763251646267 0.5068242286053897 0.11090216551956192 0.3626031246123831 0.5838467003431467 0.12339720616027353 0.4033882080968402 0.6494985553285364 0.13210798046144523 0.4278978811516163 0.6878953620098742 0.1519745025250446 0.4382759640598489 0.6899331659839175 0.21443255927293337 0.43905818123038853 0.6365027042140579 0.007 0.023 0.34 0.007 0.023 0.34 0.007 0.023 0.34 0.007 0.023 0.34 0.007 0.023 0.34 0.007 0.023 0.34 0.007 0.023 0.34 0.007 0.023 0.34 0.007 0.023 0.34 0.007 0.023 0.34 0.007 0.023 0.34 0.007 0.023 0.34 0.007 0.023 0.34 0.007 0.023 0.34 0.007 0.023 0.34 0.007 0.023 0.34 0.007 0.023 0.34 0.007 0.023 0.34 0.007 0.023 0.34 0.007 0.023 0.34 0.007 0.023 0.34 0.007 0.023 0.34 0.007 0.023 0.34 0.007 0.023 0.34 0.007 0.023 0.34 0.007 0.023 0.34 0.007 0.023 0.34 0.007 0.023 0.34 0.007 0.023 0.34 0.007 0.023 0.34 0.007 0.023 0.34 0.007 0.023 0.34 0.007 0.023 0.34 0.0 0.0 0.0 0.0008990141994864879 0.0022472080622506175 0.003432262072578041 0.005988390822224209 0.01929398154728449 0.030989512942287342 0.012024299062155078 0.03921587372879729 0.06311709854208626 0.01910345459140233 0.06243393799852524 0.10052116309963854 0.02735392362064599 0.08943105738815933 0.14399647142290187 0.03692368727219825 0.12072442730658038 0.19438475597959753 0.04795929532297199 0.15680660986230952 0.2524827215631529 0.06056799505082101 0.1980317341231448 0.31886150479742353 0.0747518830249002 0.2444070500584778 0.39353288545851955 0.09029447957802095 0.295224769245665 0.47535721778707335 0.10656899440211748 0.3484355494770969 0.5610347453138375 0.1222307563700686 0.3996353840882872 0.643472324487099 0.13511294085974182 0.4408788779083825 0.7096452326061475 0.15097483820265628 0.467795377679435 0.7462786590758438 0.21808754141161263 0.5108123329435481 0.7681156019377856 0.274299323576071 0.4389062146159636 0.5835946468525681 0.007 0.023 0.34 0.007 0.023 0.34 0.007 0.023 0.34 0.007 0.023 0.34 0.007 0.023 0.34 0.007 0.023 0.34 0.007 0.023 0.34 0.007 0.023 0.34 0.007 0.023 0.34 0.007 0.023 0.34 0.007 0.023 0.34 0.007 0.023 0.34 0.007 0.023 0.34 0.007 0.023 0.34 0.007 0.023 0.34 0.007 0.023 0.34 0.007 0.023 0.34 0.007 0.023 0.34 0.007 0.023 0.34 0.007 0.023 0.34 0.007 0.023 0.34 0.007 0.023 0.34 0.007 0.023 0.34 0.007 0.023 0.34 0.007 0.023 0.34 0.007 0.023 0.34 0.007 0.023 0.34 0.007 0.023 0.34 0.007 0.023 0.34 0.007 0.023 0.34 0.007 0.023 0.34 0.007 0.023 0.34 0.007 0.023 0.34 0.0 0.0 0.0 0.001777547404692047 0.004865772748798183 0.007580303596256908 0.007150385620298314 0.022956285798648685 0.03684957363396504 0.013559805392719261 0.044170355276426126 0.07107683801596441 0.02111321375867068 0.068977822973879 0.11105051642683923 0.02995107551196889 0.09791370660947961 0.1576524361490005 0.04023358893805392 0.13154429991097125 0.2118058462752683 0.05211468154274159 0.1703926568014052 0.2743582605509377 0.0656941446925029 0.2147920433323984 0.3458481678220499 0.08093202915878728 0.2646135037980563 0.4260683762433577 0.09749875196008839 0.31877958687923197 0.513284062883815 0.11452237270536918 0.37443369994075476 0.6028941381438502 0.1303058781707739 0.4257142407563329 0.6853763519964289 0.14566243074731192 0.4656204641934644 0.7468615832521524 0.20011798274921508 0.5197719139425918 0.8007457290146982 0.32450526650700123 0.5907358665712669 0.8247509062415902 0.007 0.023 0.34 0.007 0.023 0.34 0.007 0.023 0.34 0.007 0.023 0.34 0.007 0.023 0.34 0.007 0.023 0.34 0.007 0.023 0.34 0.007 0.023 0.34 0.007 0.023 0.34 0.007 0.023 0.34 0.007 0.023 0.34 0.007 0.023 0.34 0.007 0.023 0.34 0.007 0.023 0.34 0.007 0.023 0.34 0.007 0.023 0.34 0.007 0.023 0.34 0.10437847778783747 0.09169165590426707 0.11526689534782254 0.11138324471111373 0.09484818429857166 0.12557439863473685 0.01803318709290446 0.01173894008906592 0.023435201106534798 0.01777058057837094 0.011570565785808192 0.023091720148158062 0.017488517167477294 0.011382226654303175 0.02272921822406879 0.017195509675561327 0.011182981247632675 0.02235573977222159 0.016902332002979237 0.010984356439071396 0.02198141245677391 0.01661358515377568 0.010792704859325384 0.021609333954721803 0.007 0.023 0.34 0.007 0.023 0.34 0.007 0.023 0.34 0.007 0.023 0.34 0.007 0.023 0.34 0.007 0.023 0.34 0.007 0.023 0.34 0.007 0.023 0.34 0.007 0.023 0.34 0.0 0.0 0.0 0.002289761445192663 0.006013816191500042 0.00928723712425987 0.007844251027002444 0.024914166961334226 0.03991851677528302 0.014518022773705988 0.04713279198780894 0.07580097103873086 0.022421358140333605 0.07316924283362726 0.11777631747801232 0.031696281247961894 0.10358080572695837 0.16676685512764336 0.04249970348447537 0.1389371904317033 0.22370514095359742 0.05497001177695455 0.17972134900947367 0.28937699762517294 0.06916457058444227 0.22613458169358971 0.36411024402500897 0.08494696516250275 0.27773428435507896 0.44719313746173023 0.10179411549077444 0.3327926757883254 0.5358389718894125 0.11856626707985049 0.3872962401168351 0.6235082130668813 0.13486111400497192 0.4350309430496363 0.6988783536582029 0.170964168540026 0.485430783069152 0.7618449790941836 0.2935463596391436 0.5844036025337995 0.8400653079048708 0.007 0.023 0.34 0.007 0.023 0.34 0.007 0.023 0.34 0.007 0.023 0.34 0.007 0.023 0.34 0.007 0.023 0.34 0.007 0.023 0.34 0.007 0.023 0.34 0.007 0.023 0.34 0.007 0.023 0.34 0.007 0.023 0.34 0.007 0.023 0.34 0.007 0.023 0.34 0.007 0.023 0.34 0.007 0.023 0.34 0.007 0.023 0.34 0.11455795161637643 0.10089743358254562 0.12628204026545553 0.1356866066180846 0.1133559985357763 0.15485176771200893 0.14345626166099684 0.11641010587164434 0.1666685239855942 0.0156854525186642 0.010215958875663022 0.02037962503666922 0.017469272442678613 0.022994576563886922 0.021090178355673457 0.01704279778987708 0.02238919715115116 0.02054646177574935 0.016695945733781147 0.02191246807437776 0.020114497215107628 0.016380924972081736 0.021497201451541343 0.019733782181494578 0.01609398150790668 0.021133749875086177 0.019396700540294333 0.015847651393547157 0.020833927751495555 0.019115315426558508 0.015669623949922697 0.020629690390942226 0.018920111798401036 0.01562748055882066 0.02060575112337141 0.01888989814312695 0.007 0.023 0.34 0.007 0.023 0.34 0.007 0.023 0.34 0.007 0.023 0.34 0.007 0.023 0.34 0.007 0.023 0.34 0.007 0.023 0.34 0.0 0.0 0.0 0.0023760781105996182 0.005193509258519828 0.0076700136937342565 0.00795826800609236 0.024568702778045716 0.03916917151139822 0.014726854953930156 0.047361152067732934 0.07604649602089307 0.022783182358190757 0.07407147226856821 0.11915355973373112 0.032254198832381065 0.10523146983038169 0.16937803661686918 0.043269556001050265 0.14134042865294438 0.22754411503834224 0.05591716713675879 0.18272832293675131 0.2941945392470152 0.0701622597289387 0.22929278878396164 0.36916753293651816 0.0857142137804462 0.2800274363761279 0.4508275490724908 0.10190243533512941 0.3322933856609817 0.5348055963804604 0.1184933071849769 0.38159108787664636 0.6128523988261501 0.14486231110784176 0.42891390901196946 0.6785934948143053 0.22690687952445837 0.5037074327007025 0.7470133953386187 0.31164022861612434 0.4931204197178106 0.6526403776407066 0.007 0.023 0.34 0.007 0.023 0.34 0.007 0.023 0.34 0.007 0.023 0.34 0.007 0.023 0.34 0.007 0.023 0.34 0.007 0.023 0.34 0.007 0.023 0.34 0.007 0.023 0.34 0.007 0.023 0.34 0.007 0.023 0.34 0.007 0.023 0.34 0.007 0.023 0.34 0.007 0.023 0.34 0.007 0.023 0.34 0.13221302010185879 0.11441472798124884 0.14748833792710245 0.15886420223328032 0.13055028846748537 0.18316451311244777 0.17137914126729772 0.13651501157014864 0.20130115053737685 0.2446711447424413 0.2799531066402076 0.2677925262365957 0.23987345110725053 0.28918344197851686 0.2721878420617966 0.2064807481789408 0.254863864138447 0.23818772879462133 0.1609255662713767 0.20029167159880387 0.18672341566115602 0.11140435485712316 0.13793676852633563 0.1287918816671166 0.06311588082392515 0.0757282729510031 0.07138117884700648 0.01349743711051094 0.017715044474586758 0.016261368128290474 0.013267669433967939 0.01742815672961995 0.015994167870848886 0.013074097252593361 0.017192084926782338 0.01577274434821241 0.012930930870367957 0.017023752465412764 0.01561308584124943 0.012865087528837076 0.016956911343141288 0.015546588622555544 0.0129511435142517 0.017088180140493497 0.015662273988452508 0.007 0.023 0.34 0.007 0.023 0.34 0.007 0.023 0.34 0.007 0.023 0.34 0.007 0.023 0.34 0.0 0.0 0.0 0.0 0.0 0.0 0.007441313974664657 0.021150488215267257 0.03320076700736544 0.014060700653945182 0.04393064801606625 0.07018614575077409 0.021985439602925046 0.07053056562746787 0.1132014291183362 0.031305819966694834 0.10139225795354441 0.1629978005241022 0.04209569942277861 0.13684182417368765 0.220123077856928 0.05435982780633218 0.17690546571551463 0.2846223183606273 0.06795994038251911 0.2209799797748653 0.3554836415632186 0.08260474363372285 0.2673518739431197 0.42974345108675277 0.09853220603122616 0.31302895928871827 0.5015702697563762 0.12112905903456656 0.35677101027125935 0.5638988180940112 0.17400842156768778 0.40837386655406555 0.6143796333314424 0.24153796584954185 0.3845186776098094 0.5101978329232604 0.007 0.023 0.34 0.007 0.023 0.34 0.007 0.023 0.34 0.007 0.023 0.34 0.007 0.023 0.34 0.007 0.023 0.34 0.007 0.023 0.34 0.007 0.023 0.34 0.007 0.023 0.34 0.007 0.023 0.34 0.007 0.023 0.34 0.007 0.023 0.34 0.007 0.023 0.34 0.007 0.023 0.34 0.007 0.023 0.34 0.13450501938153717 0.1176562046093695 0.14896545181401152 0.17347169757732692 0.14278939353582734 0.19980467057657006 0.29667026109240474 0.31419455876141505 0.308154485609068 0.43219473480496495 0.516074494054045 0.4871637843962404 0.43318599339254565 0.5400700613827887 0.5032304914510849 0.4037560462725475 0.5152773247777591 0.476839454516863 0.33970708273149103 0.43818963510552167 0.40424580284450623 0.2663274266889526 0.3450071858023055 0.3178887523204271 0.19256339000577183 0.2493941560141569 0.229806381914566 0.12420462470618451 0.15993140067633113 0.14761750687967404 0.06423926821416483 0.08099046106086562 0.07521685277743255 0.010963216544043045 0.014410130267957223 0.0132220877320736 0.010784177996971997 0.014185150672839056 0.013012942568448272 0.010638482650957966 0.01400491518865678 0.012844611981407598 0.010536001624513248 0.013881680651914112 0.012728530525646275 0.010495387824766769 0.013839333944084693 0.012686781096622825 0.010563498141765234 0.013938984945735046 0.012775561018235012 0.007 0.023 0.34 0.007 0.023 0.34 0.007 0.023 0.34 0.007 0.023 0.34 0.0 0.0 0.0 0.0 0.0 0.0 0.006433654833835029 0.013443985520308491 0.019606022541226318 0.012591279436619638 0.03556793757838293 0.05576427701208539 0.020030773179007255 0.06107368877266649 0.09715015601015693 0.028792628863958076 0.09027179186818227 0.14431159332548618 0.03889459472695692 0.12321437383267013 0.19733093461739298 0.050314721386975195 0.15949875401255725 0.2554708388145063 0.0630798811152465 0.19797774493001463 0.3165521272303009 0.07789171297753156 0.23664804138253573 0.37619386549382855 0.09871953153812274 0.27366307644815674 0.42743736307150587 0.13785360834115284 0.3071347911804442 0.45593189680246315 0.007 0.023 0.34 0.007 0.023 0.34 0.007 0.023 0.34 0.007 0.023 0.34 0.007 0.023 0.34 0.007 0.023 0.34 0.007 0.023 0.34 0.007 0.023 0.34 0.007 0.023 0.34 0.007 0.023 0.34 0.007 0.023 0.34 0.007 0.023 0.34 0.007 0.023 0.34 0.007 0.023 0.34 0.007 0.023 0.34 0.007 0.023 0.34 0.007 0.023 0.34 0.17490080999152177 0.14621945000813205 0.19951648021637303 0.3962516801502925 0.42324083642621857 0.413938524784081 0.6762233533666364 0.812004851246513 0.7652052478946474 0.7090090206288708 0.8899665116740616 0.8275961671374602 0.6662973065614034 0.857222642352043 0.7914166958546157 0.5843739035874412 0.7609727845223555 0.7001047155351581 0.4918329133590446 0.6439363103606152 0.5915110627437246 0.3833863362363273 0.5029347437058246 0.46173017505487846 0.28041783465660763 0.3678929755181824 0.33774305112206193 0.1890473351971351 0.2475869569344473 0.22741019411733535 0.11149186426082663 0.14520487075089183 0.13358505983284075 0.047648635054050474 0.06069746375241084 0.05619994371599201 0.00870878170827661 0.01146389467871824 0.010514294061406462 0.008569288040170936 0.011286420730858412 0.010349910719081565 0.008460183132987508 0.011149066475632055 0.01022229312388622 0.008389890627200509 0.011062637263522794 0.010141425725920115 0.008375030364337796 0.01104877916520174 0.01012722221306339 0.008458874278215418 0.011164320669253696 0.010231838556688251 0.007 0.023 0.34 0.007 0.023 0.34 0.007 0.023 0.34 0.0395435588957326 0.07290544671954279 0.017608766914440317 0.04613683827619968 0.09040662325008242 0.01703031619966344 0.0 0.0 0.0 0.01094970997087433 0.018908706991535316 0.02590461581297196 0.017616442440593256 0.04279320915715935 0.06492343032830002 0.025584730281351643 0.0689026059644187 0.10697874895459372 0.03495357514987539 0.09717412388409305 0.15186559878154088 0.0460350932934138 0.12673059955918484 0.19766144708551286 0.05991711323025311 0.15562203261789037 0.23974606081651506 0.07989753578544963 0.17850744011362382 0.265184931985986 0.007 0.023 0.34 0.007 0.023 0.34 0.007 0.023 0.34 0.007 0.023 0.34 0.007 0.023 0.34 0.007 0.023 0.34 0.007 0.023 0.34 0.007 0.023 0.34 0.007 0.023 0.34 0.007 0.023 0.34 0.007 0.023 0.34 0.007 0.023 0.34 0.007 0.023 0.34 0.007 0.023 0.34 0.007 0.023 0.34 0.007 0.023 0.34 0.007 0.023 0.34 0.007 0.023 0.34 0.15544946909920412 0.13454257244345166 0.17339273517170173 0.2057596926688027 0.1685526205114506 0.23769252356622303 0.920705347147003 1.087863186193372 1.030249146823694 1.0509864158686002 1.3053315080501495 1.2176667701112531 1.0258747930569978 1.3158037970786012 1.2158744061065239 0.9310843611087603 1.2143423978241037 1.1167122790561261 0.7976761257087638 1.0474850280924146 0.9613837718250657 0.6542844398601586 0.8613319175384256 0.7899691767994813 0.5042298094577397 0.6643223747875712 0.6091435126155909 0.3686124058910634 0.485654946003833 0.4453140708617845 0.25279689435831976 0.3328396689733056 0.3052514470015749 0.15731934474108888 0.20671215040423535 0.18968800683854842 0.08038797412733295 0.10493281449017841 0.09647298151402248 0.01943439051490688 0.02409390478655987 0.022487917055310704 0.006673946607617824 0.008795479752693982 0.008064254134788092 0.006563900874876354 0.008653650800382726 0.007933379856658051 0.006481908818571339 0.008548706384727418 0.007836346395958723 0.006436459287882275 0.00849173813516648 0.007783348285796324 0.006445407437829096 0.008506212512428564 0.0077959179466542934 0.0065612119940497305 0.008661278208670433 0.007937451565191721 0.007 0.023 0.34 0.007 0.023 0.34 0.03933584487001744 0.07539633589768244 0.015626773800287066 0.05009990995781071 0.10186948364267165 0.016062422758804887 0.06173214716326662 0.12903406820912755 0.017482443852750627 0.07380857542663553 0.15599680307748598 0.019771415228948395 0.08609187869149176 0.18184109652850486 0.023138631359744713 0.09894912368638434 0.20601079271135897 0.028558159852594363 0.11416959309671576 0.22907914285934844 0.03861880040720787 0.13832360984945 0.2604974770363731 0.05799666982591246 0.16169523836746955 0.2796895153882367 0.08411629753827778 0.17271345495317414 0.27556915294169804 0.10508783522254492 0.1429385591949229 0.2048157483032925 0.10225551156143439 0.007 0.023 0.34 0.007 0.023 0.34 0.007 0.023 0.34 0.007 0.023 0.34 0.007 0.023 0.34 0.007 0.023 0.34 0.007 0.023 0.34 0.007 0.023 0.34 0.007 0.023 0.34 0.007 0.023 0.34 0.007 0.023 0.34 0.007 0.023 0.34 0.007 0.023 0.34 0.007 0.023 0.34 0.007 0.023 0.34 0.007 0.023 0.34 0.007 0.023 0.34 0.18213047920065942 0.15402962089954353 0.20624793602195865 1.012433682859386 1.159285174096678 1.108670092890141 1.4164262637189666 1.7139807224579795 1.6114230775505383 1.4740950237972097 1.8584935268963103 1.7260034766686725 1.3703482323450178 1.776896570768748 1.6367721703263343 1.209782827169427 1.588004894865304 1.4576436672792825 1.0140668637429744 1.336177851663306 1.2251563450123382 0.8129404583106296 1.072312275779966 0.9829149840447094 0.6183161327787264 0.815822155735095 0.7477480537529545 0.4496847793493268 0.5933111665248599 0.543807677053688 0.3102597080270523 0.40923217991107286 0.375119487834104 0.19808460409287995 0.26104774090520183 0.2393463318427333 0.10930090392688892 0.1436586746146605 0.13181663379651776 0.039818758859061665 0.05163711904994417 0.04756370273152874 0.0049208126554189545 0.006488652054705276 0.005948267222075576 0.0048109886320440755 0.006345302002155383 0.0058164725352555695 0.004722861184498626 0.0062305130938852885 0.005710872992297961 0.004661548112821625 0.00615100111060287 0.0056376336003322374 0.004636880896057916 0.006119712026528098 0.00560862686524054 0.004671736428446528 0.006166818538317255 0.005651510850503112 0.004855896522857348 0.006410826165357996 0.005874890919059072 0.007 0.023 0.34 0.041594350430737656 0.08215813900661806 0.014924448862696258 0.05293276290297904 0.10971862393491881 0.015597164396314138 0.06513498210347791 0.13806088746475392 0.01718761855514295 0.07775866287453471 0.16626989734089004 0.01956424874904654 0.09055983132727409 0.19342077083075226 0.022930765402568724 0.10405088371581735 0.21910232575471716 0.028406799616059877 0.12097650148918711 0.24484843002888562 0.03953311917253635 0.14932628637682838 0.2799682945150085 0.06343170847814877 0.1819135427037041 0.3096786106834133 0.09791049697046895 0.19773816971742195 0.3123997953310624 0.12235038233097136 0.17522266301826236 0.25814937502924257 0.12069996372559263 0.007 0.023 0.34 0.007 0.023 0.34 0.007 0.023 0.34 0.007 0.023 0.34 0.007 0.023 0.34 0.007 0.023 0.34 0.007 0.023 0.34 0.007 0.023 0.34 0.007 0.023 0.34 0.007 0.023 0.34 0.007 0.023 0.34 0.045201169479008 0.07613354231945132 0.05439885762562068 0.04101035768185043 0.09904719328252014 0.0582675114613126 0.04294211449768745 0.09859498452963723 0.05949040019365494 0.007 0.023 0.34 0.007 0.023 0.34 0.11011112769402319 0.10316560166487998 0.11607209950186365 0.19912430342303344 0.16670379675120683 0.22694908234629402 1.5884889881168647 1.8591666996872824 1.7658726225451005 1.9785440498914477 2.409739385313873 2.261119941722252 1.9205276454871187 2.4357865271197214 2.2581930282965987 1.7054052625529472 2.2245821973684756 2.0456382690852606 1.4712006109553588 1.9371615020034203 1.7765594669763567 1.2092960020489643 1.595520645343318 1.462401182138675 0.9506159858211652 1.2547419512139992 1.1499193150549882 0.7142429537708199 0.9428266274720118 0.8640410386475901 0.5162418830863688 0.6814402208416906 0.624501559816046 0.3566216395480685 0.4706752577423281 0.4313645697938228 0.2305849613757469 0.30420510216741536 0.2788305596741026 0.13218491373556612 0.1741619781550419 0.15969380689915294 0.05590233666029677 0.07322819831349914 0.06725651980236275 0.0032857009762917366 0.004334413215878111 0.00397295515561788 0.0031763412190752437 0.004190731394001377 0.003841103067816825 0.003084399030896697 0.004069998844703969 0.003730293648708418 0.003013286575966639 0.003976708925220664 0.003644647602364296 0.0029692639486348206 0.00391911864516887 0.0035917336646391464 0.0029654065037960178 0.003914485520616534 0.003587367892439585 0.00303858957275248 0.004011491168410431 0.0036761626480440552 0.007 0.023 0.34 0.042775452286119155 0.08559238875323376 0.014624149828586215 0.054408940757256455 0.11371192280124462 0.015418384171402257 0.06690431526893503 0.14265803938198052 0.01709771592409959 0.07980995078339112 0.17150515736845118 0.01952213695381973 0.09287772026516385 0.19932332712818104 0.02289180531354284 0.10671254186950514 0.2257929887722978 0.02841946548106692 0.1247918650583037 0.25318147226742954 0.04037819693601913 0.1552688197133663 0.28808361259341897 0.06794567813193594 0.19673002073026752 0.32865101336962205 0.10999453541265773 0.2147639699479734 0.3344595044769561 0.13606648541566763 0.19078950172242773 0.2813068043236144 0.1312761368388107 0.007 0.023 0.34 0.007 0.023 0.34 0.007 0.023 0.34 0.007 0.023 0.34 0.007 0.023 0.34 0.007 0.023 0.34 0.007 0.023 0.34 0.007 0.023 0.34 0.007 0.023 0.34 0.007 0.023 0.34 0.007 0.023 0.34 0.03844439672919955 0.0910073469200308 0.05407390004648445 0.04632985621260847 0.11798288767336744 0.06763576253718914 0.047779423802952074 0.11803573190649559 0.06867001682670636 0.007 0.023 0.34 0.007 0.023 0.34 0.12950429094897029 0.11773481745181535 0.13960539767800523 1.1761938163160284 1.3225592027236703 1.2721116665329875 2.1662534210199205 2.5477004852498624 2.416227702989883 2.5736828177434394 3.1248663897857263 2.93489078229564 2.3291187572541414 2.9568973380825083 2.7405218448503126 1.9770528017977211 2.588354007278977 2.377657746067088 1.676826896211044 2.211192452750033 2.0270134852072843 1.3567974172405282 1.7909643447042718 1.6413206869816483 1.0505137120414154 1.3868727913057306 1.270940416577512 0.7818116794919664 1.0321585095409402 0.9458718465594057 0.5621024898699551 0.7420827687466298 0.6800492384490174 0.3880635617949668 0.5122824560827658 0.46946811780952535 0.2523818870147182 0.33309663576319226 0.30527680548398967 0.14741394173024877 0.19441537883285856 0.17821546464929441 0.06654308433525032 0.08747277234141494 0.08025896845604794 0.004490890259203544 0.0052565317555488345 0.004992639259898299 0.0016408735147656404 0.002165336347930453 0.001984570537064063 0.0015464234365775618 0.002040869598859641 0.0018704495885123924 0.0014687097596589487 0.001938474246233258 0.0017765612316933833 0.0014120944383911125 0.0018639090035188 0.0017081827612344662 0.001385166550148203 0.0018285146557793014 0.0016757065352746047 0.0014089217114376924 0.0018600130965570592 0.0017045361116315694 0.0015831615757041682 0.0020901763110293447 0.0019154243096354494 0.042775452286119155 0.08559238875323376 0.014624149828586215 0.054408940757256455 0.11371192280124462 0.015418384171402257 0.06690431526893502 0.1426580393819805 0.01709771592409959 0.07980995078339112 0.17150515736845118 0.01952213695381973 0.09287772026516385 0.19932332712818104 0.02289180531354284 0.10671254186950514 0.2257929887722978 0.02841946548106692 0.1247918650583037 0.25318147226742954 0.04037819693601913 0.1552688197133663 0.28808361259341897 0.06794567813193594 0.19551830260377312 0.32596603481982267 0.10975145734304893 0.2135322862085018 0.33173026439201303 0.13581941582907792 0.18953145660459503 0.2785191342384734 0.13102379036862322 0.007 0.023 0.34 0.007 0.023 0.34 0.007 0.023 0.34 0.007 0.023 0.34 0.007 0.023 0.34 0.007 0.023 0.34 0.007 0.023 0.34 0.26519491626732655 0.2533468344697376 0.24637034515366463 0.3458293181108805 0.32099882452290035 0.3063779199588709 0.41269589453855865 0.3797638590696583 0.3603725350114405 0.4558632320136908 0.42060701929608363 0.3998471532222661 0.45294042073577245 0.4230456328521492 0.4054427270114074 0.045872473736768254 0.11179521545227643 0.06547448820867999 0.047318750367141435 0.1118035320634321 0.066493189887326 0.007 0.023 0.34 0.007 0.023 0.34 0.12808760741680347 0.11681452433427231 0.13776268892401378 1.5746261910777735 1.7987791054227105 1.721520659719097 2.62649213135791 3.0900915797055672 2.930303459559711 3.043749623712686 3.6784578006417714 3.459693894010357 2.5845192400375527 3.2848962929664047 3.0434983942422624 2.1307938495090037 2.7972203762564987 2.567524154002889 1.7917719611058371 2.3643501087035057 2.16700046524013 1.4348686817509393 1.8942953313071684 1.735945443404697 1.1002093963918305 1.4525568488231353 1.3311137857158661 0.8140322024372112 1.074735568187093 0.9848793337214472 0.5832769709648624 0.7700705166705909 0.7056886680077457 0.4022361683541606 0.5310308810130134 0.48663940234789915 0.26202883983622893 0.3458829357983922 0.31698107146684457 0.15404494170627814 0.20324137535337525 0.1862849150332263 0.0710829581880854 0.09356960555131563 0.08581916684100283 0.0075096565294948256 0.009388550072926556 0.008740954679253865 0.00018979177512505773 0.0002502777671812732 0.0002294301518524214 9.376437631602088e-05 0.00012355931353523193 0.00011328993762227503 1.1469955699722893e-05 1.4963002445649983e-05 1.3759059310897305e-05 0.0 0.0 0.0 0.0 0.0 0.0 0.0 0.0 0.0 0.0 0.0 0.0 0.041594350430737656 0.08215813900661806 0.014924448862696258 0.05293276290297903 0.10971862393491881 0.015597164396314131 0.06513498210347791 0.13806088746475392 0.01718761855514295 0.07775866287453471 0.16626989734089004 0.01956424874904654 0.09055983132727409 0.19342077083075226 0.022930765402568724 0.10405088371581733 0.21910232575471714 0.028406799616059873 0.12097650148918714 0.24484843002888565 0.03953311917253638 0.14695151462080783 0.2747068878806866 0.06295484297719013 0.17932290348244348 0.3039386470317362 0.09739047727252816 0.19493211649958542 0.30618216640643314 0.12178737374694358 0.1722058716497511 0.25146455357435854 0.12009483075455028 0.007 0.023 0.34 0.007 0.023 0.34 0.007 0.023 0.34 0.007 0.023 0.34 0.007 0.023 0.34 0.19638247260402278 0.18994144172621202 0.18614877858704576 0.2776327074119157 0.25273431043505107 0.23807342241419127 0.3629749365642119 0.3212873710237949 0.29674054052630516 0.4566662790125926 0.40010987400459874 0.3668078457071525 0.5542908804068905 0.486403790205046 0.44642993050491897 0.6403566787583711 0.5666799466815846 0.5232969803113263 0.6857685928685626 0.6136699351039019 0.5712161840080312 0.6623704189496642 0.600414597544562 0.5639332384954392 0.5595946097884091 0.5172079940969742 0.4922495428837185 0.007 0.023 0.34 0.007 0.023 0.34 0.10684191528046194 0.10104188594014152 0.11181976882779973 1.7458924207534836 2.011342471354285 1.9198502042057775 2.7454462237494948 3.2462576243831958 3.0736437169678834 3.0681582095824913 3.731890328608273 3.5031227837857815 2.5566200292441783 3.274798826654522 3.027265227605125 2.137644625176786 2.8122836331020316 2.5797568273915106 1.797071005701607 2.371984541971962 2.1738299636296756 1.4333985864635033 1.8924326681190442 1.7342180860007024 1.0948143479728398 1.445453048064438 1.3245989380396839 0.8087314453391391 1.0677473487763551 0.978472729391829 0.5789715117718722 0.7643959439873766 0.7004859855988812 0.39907619109193904 0.5268718003968843 0.48282468117249244 0.2598785259874568 0.3430635417390801 0.3143922882709621 0.15269134570253676 0.20148496522050513 0.18466734223653308 0.07031670632851186 0.09260536455846226 0.08492316646303555 0.007149556455244843 0.00898405499342194 0.008351761159012934 0.0 0.0 0.0 0.0 0.0 0.0 0.0 0.0 0.0 0.0 0.0 0.0 0.0 0.0 0.0 0.0 0.0 0.0 0.0 0.0 0.0 0.03933584487001744 0.07539633589768244 0.015626773800287066 0.050099909957810704 0.10186948364267163 0.016062422758804887 0.06173214716326662 0.12903406820912755 0.017482443852750627 0.07380857542663553 0.15599680307748598 0.019771415228948395 0.08609187869149176 0.18184109652850486 0.023138631359744706 0.09894912368638432 0.20601079271135891 0.02855815985259436 0.11416959309671576 0.2290791428593484 0.03861880040720787 0.13463902842596506 0.2523374942425782 0.05725457770665923 0.1577759525411625 0.27100777258589526 0.08332823449051543 0.16855617064852377 0.26635807829348107 0.10425331971589052 0.13853932906594355 0.19506760751159435 0.1013730860968936 0.007 0.023 0.34 0.007 0.023 0.34 0.007 0.023 0.34 0.007 0.023 0.34 0.1674633697532173 0.16175183889551303 0.15838872622563735 0.23765858168524542 0.21295545018519244 0.19840954005999933 0.31743131275858943 0.2735474350288799 0.24770735311861894 0.41143828286472583 0.3483136495272778 0.31114406059438005 0.5222574128456755 0.4411879751452231 0.3934519723356931 0.6513420444019501 0.5556956889133281 0.499376380135136 0.78711460049835 0.6826852427267792 0.6211942510857541 0.883019662885585 0.7778110316366988 0.7158611814916841 0.8807514541557647 0.7840936837814475 0.7271788250007559 0.7781567708349596 0.6994287293371053 0.6530714075555409 0.007 0.023 0.34 0.007 0.023 0.34 0.07069548768341959 0.06386777292242705 0.08023283322565164 1.6680825276040223 1.9368064234896294 1.8441857650421851 2.456822258653106 2.944143146662529 2.776178993813837 2.6331751650399298 3.267650551338884 3.048966880301599 2.302774636208407 2.983043492785697 2.7485762556617606 2.007014620361147 2.6439389477398603 2.4244112038873955 1.6966247134557082 2.2395978632742954 2.0524521295845437 1.356639062778055 1.7911059011177957 1.6413588735674949 1.0389246954406792 1.3716658413294573 1.2569804542215877 0.7691558167215253 1.0154976442185686 0.9305913794045322 0.551315960252226 0.7278840885098609 0.6670266190013933 0.3798514164358821 0.5014915672870298 0.4595660406108471 0.24653615443956226 0.3254510847210261 0.29825159514859606 0.14343849553552235 0.18927424321986935 0.17347610544368017 0.06391012750700618 0.08415646752111323 0.0771781921538355 0.0027288864505442584 0.0031631166582152944 0.0030134511897994057 0.0 0.0 0.0 0.0 0.0 0.0 0.0 0.0 0.0 0.0 0.0 0.0 0.0 0.0 0.0 0.0 0.0 0.0 0.0 0.0 0.0 0.036192098781481295 0.06548218722552013 0.016934435650226586 0.04613683827619968 0.09040662325008242 0.01703031619966344 0.05695487889861238 0.11587972461844574 0.018212939586897757 0.06824941933325133 0.1410432537902573 0.02038888983421367 0.0797888420800699 0.1649880957589256 0.023771990867193456 0.09178019194868413 0.18699391563128145 0.029179021602098714 0.10519528679133762 0.20679603316187628 0.03839477332665084 0.12105758421805948 0.22374795332472097 0.05354066500975399 0.13658403618900739 0.23258372072613523 0.07346611187632114 0.13990558638953432 0.21619688454403507 0.08974554257428595 0.007 0.023 0.34 0.007 0.023 0.34 0.007 0.023 0.34 0.007 0.023 0.34 0.004896074442722861 0.0036567332925435707 0.0029269737887769047 0.18434163397252684 0.16717743650551314 0.15707066628791086 0.2523889311327684 0.21592632077402052 0.1944560932764604 0.33442510837008194 0.2773451465762262 0.24373483307402516 0.4322875082863382 0.35399663251832436 0.3078967264176852 0.5502204562487846 0.45167390982100425 0.3936468856972172 0.6990711371291974 0.5834832554034902 0.5154218058200648 0.884823243070804 0.7580828173683567 0.683454431024198 1.0474587747556625 0.9179562288802473 0.8417014272052679 1.064385001806711 0.9420797288289995 0.8700628872165431 0.9345328208401579 0.829446238813538 0.7675682547401558 0.5479186890340764 0.501679229396092 0.47445211350877337 0.08657801407353437 0.07616615416614765 0.10112190015403955 0.09154607390776148 0.07988727070848792 0.10783176225485178 1.412266091031003 1.6506178786507029 1.5684655287872593 1.9785440498914468 2.409739385313872 2.2611199417222507 2.106548983475223 2.665413427613439 2.4727904655640156 1.9677746133384615 2.567243966360231 2.360625771826555 1.7738795690651297 2.3380337235742443 2.1435875650579255 1.5143786822086507 1.9990076914821722 1.831971344402886 1.220709751347181 1.6116296551033094 1.4768918835821745 0.941385572550085 1.242881496855694 1.1389653529773185 0.7004609467238199 0.9247973739090297 0.8474756771125291 0.5032366424141687 0.6644016966824065 0.6088531813713728 0.34618436819650833 0.4570355366670748 0.4188286322175239 0.22287921036771907 0.2942076585741534 0.269622990295428 0.12674994571541684 0.16722548215130112 0.153274840272765 0.05210782299139203 0.0685510202260787 0.06288356832404841 0.0 0.0 0.0 0.0 0.0 0.0 0.0 0.0 0.0 0.0 0.0 0.0 0.0 0.0 0.0 0.0 0.0 0.0 0.0 0.0 0.0 0.0 0.0 0.0 0.03239213159616657 0.052539170651632924 0.019145845503050783 0.041334643213921794 0.07557778319834829 0.01882044508726183 0.05114404317508826 0.09893877304753136 0.019719938427458186 0.0614609304454121 0.12182078999385947 0.02177549746849601 0.07205272838990333 0.1433143439445606 0.025199603000318847 0.08296108962202826 0.16251465835237897 0.030656166390906726 0.09451459104486397 0.17844822734189458 0.039329858630085826 0.1064727934395342 0.1889867943164515 0.0522214436856508 0.11505034810455785 0.18695962937769667 0.06777139510943338 0.0 0.0 0.0 0.007 0.023 0.34 0.007 0.023 0.34 0.007 0.023 0.34 0.0035195766193131086 0.0026286048456678137 0.0021039751911845136 0.12816217117523002 0.12320458471155925 0.1202854160572421 0.18611288878531243 0.16236329699421206 0.14837885831271824 0.25333561597761 0.20998614343791427 0.1844607345829444 0.33446624643576267 0.2698611964377494 0.23181989584787518 0.42954792555273025 0.3428649174516445 0.29182348389019197 0.5413114101042091 0.43330198602178505 0.36970294897769895 0.6827676684582576 0.5564604643587182 0.48208717128077894 0.8774804028395533 0.7386254377780391 0.6568636642872059 1.0823127224506415 0.939259920369675 0.8550263404196065 1.1232536707614103 0.9860649924562614 0.905284376249104 0.9833352462075929 0.8622621068611619 0.7909707807592711 0.6064688781143835 0.5418353531406416 0.5037772856709177 0.40805670332701677 0.3812180036535554 0.3654146099289023 0.10433840658384382 0.08978419229969532 0.12466857203197325 1.0882164094678028 1.2730128362482578 1.2093193315424957 1.5082898286602189 1.8574863337106973 1.7371293028678219 1.6413175894349836 2.098589106434371 1.9409820248082021 1.6075777555204458 2.1028368571411815 1.9321366522225645 1.4838882889885927 1.9556927552184598 1.7930766239784697 1.2840091305811068 1.6947341969000576 1.5531702099760014 1.0476537872761365 1.3831000377268854 1.2674822863241573 0.8160203158731073 1.0773445660992769 0.9872743323209756 0.6112104521295548 0.8069485045491488 0.7394837662958724 0.4400582585045325 0.5809748786874468 0.5324053605040474 0.3014279373567566 0.39792627522714624 0.3646663391757422 0.1910563639342295 0.252165476584594 0.2311030912237283 0.10403056085044558 0.13718838979083928 0.12575993107850236 0.03584794650320831 0.047022162786654186 0.04317076257382204 0.0 0.0 0.0 0.0 0.0 0.0 0.0 0.0 0.0 0.0 0.0 0.0 0.0 0.0 0.0 0.0 0.0 0.0 0.0 0.0 0.0 0.0 0.0 0.0 0.028022164378596913 0.036234312495383544 0.02262283681018764 0.03591265972009541 0.057335126796359465 0.021827804524683726 0.04459586142694092 0.0783167664212706 0.022425022642942327 0.05377607867060011 0.09850426579021304 0.024368166104308864 0.0632038714448961 0.11696854752129883 0.027854643250567593 0.0727177623439053 0.13253412263318873 0.03338966955273373 0.08200680304534068 0.14336439283116192 0.04166538185439367 0.08933835103095626 0.14500106446869948 0.05274120020965907 0.0 0.0 0.0 0.014771133782610028 0.001747649531637245 0.012451211273236581 0.014679867247668463 0.001736259544010827 0.012374173449791605 0.007 0.023 0.34 0.007 0.023 0.34 0.0 0.0 0.0 0.12509313336470068 0.11649576853522761 0.11143339431264199 0.17884430081537517 0.15235751654350294 0.1367613406690716 0.24336120555475707 0.19766219629987825 0.1707533130503838 0.3203700890633742 0.25378443176678783 0.21457689297111027 0.40812569326387765 0.31981865694047795 0.2678209491284308 0.5056027453303759 0.39624615611290376 0.3318538697199177 0.617502193359732 0.48992292640244467 0.41480060634376154 0.7583318770662846 0.6179324438022296 0.5352612432751785 0.9123888447853443 0.7670597584900771 0.6814858373123978 0.9674385220596832 0.8267699707806283 0.7439403058718757 0.8823216229376551 0.7562064501529261 0.6819462306035977 0.5899195430278372 0.5165699349596494 0.4733795885585988 0.43421922858131673 0.3950356307884435 0.3719632080927368 0.11522983736396271 0.09864540781664176 0.1383959245176401 0.7652776568040365 0.884431316621795 0.8433628050464733 1.1040571105475356 1.362594522754544 1.2734848242180767 1.2387173746233413 1.5879208366059767 1.467561407927825 1.2531810271635027 1.6389198573504586 1.5059678386142032 1.1803424436942171 1.5546460489531144 1.4256353918841604 1.0379289357361634 1.3695370803902922 1.255242203103029 0.859271267515337 1.134261500189736 1.0394810329261885 0.6769369723216583 0.8936593811649155 0.8189619965455603 0.5104093716846652 0.6738250539135061 0.6175008180699 0.3675327822579235 0.4851850024787182 0.4446339898166642 0.2492926617679351 0.32905004201209975 0.30156018648617977 0.15349929495326167 0.20252152137798843 0.18562510479748928 0.07690566253202451 0.10129408595705743 0.0928881649701006 0.01624165256059793 0.021020816945373222 0.019373589590739697 0.0 0.0 0.0 0.0 0.0 0.0 0.0 0.0 0.0 0.0 0.0 0.0 0.0 0.0 0.0 0.0 0.0 0.0 0.0 0.0 0.0 0.0 0.0 0.0 0.0 0.0 0.0 0.029420172009606938 0.03400925471020628 0.026402939443086748 0.03707070603434898 0.052817914837542126 0.02671722270606148 0.04497526475461723 0.06995035685151374 0.028554627746538108 0.05284462928702005 0.08444794882829972 0.032066061727616606 0.06007927074122793 0.09438261072285936 0.03752549228797078 0.06468996189417654 0.09481602359335642 0.04488266261672163 0.010617165931615801 0.0012561369714426261 0.008949650435984875 0.011125496087472264 0.0013167374490002915 0.009378224810762835 0.011449464283586919 0.0013547850080517993 0.009651260882337344 0.011543484500804401 0.0013653567651044896 0.009730416109712004 0.011192552228710637 0.0013237990920918492 0.009434593905124411 0.007 0.023 0.34 0.0 0.0 0.0 0.11599159220532652 0.1066724019671875 0.10118499630595561 0.16455598357602444 0.13863449265206423 0.12337117766343113 0.22422723461890895 0.18018652888071124 0.15425410215511473 0.294635807659869 0.23098226574040048 0.19350124031215415 0.37292577564634743 0.2889688454625804 0.23953260452132302 0.4554087562350444 0.3518359532918636 0.2908493256239257 0.5393255342500144 0.4187565397304953 0.3477620685169142 0.6244793218904573 0.4918210178996058 0.41370801561860643 0.7035002343500575 0.5658717954882683 0.484832235691976 0.7414136590570163 0.6074821868814402 0.5286195067715704 0.7108172023789312 0.5896094826421844 0.5182389117586297 0.5253317997750947 0.4516845441633356 0.4083189343784599 0.407329457722049 0.36464575858223747 0.3395123761405358 0.22840295304157973 0.22701924295471396 0.2262044748933113 0.44458014033476584 0.48814404510795645 0.4731289399892352 0.7690155339635358 0.9404000806688197 0.8813292283679977 0.8957417209338439 1.1437044925095972 1.058239539353455 0.9310843611087338 1.2143423978240657 1.1167122790560922 0.8946418406930317 1.1765099870365068 1.0793589196792268 0.8006534988455348 1.0556861799462136 0.9677844517753131 0.673079937882247 0.8881657562862914 0.8140324528164342 0.5361420486057813 0.7076277406533298 0.6485220267404855 0.4061202131071352 0.5360362323135042 0.4912582746178961 0.29104198623225147 0.38410839554965 0.3520313371179494 0.19338591460609283 0.2551426465814858 0.2338570472481159 0.11265397685218477 0.14847826801731936 0.13613076380600725 0.047062260069107846 0.06174196165044087 0.056682331125979285 0.0 0.0 0.0 0.0 0.0 0.0 0.0 0.0 0.0 0.0 0.0 0.0 0.0 0.0 0.0 0.0 0.0 0.0 0.0 0.0 0.0 0.0 0.0 0.0 0.0 0.0 0.0 0.007 0.023 0.34 0.007 0.023 0.34 0.007 0.023 0.34 0.0 0.0 0.0 0.004513912005001189 0.0005340136460782446 0.0038049576568440035 0.005717482189244322 0.0006762350088684386 0.004819465761098693 0.006561100601111159 0.0007760134064579875 0.005530581137737792 0.00720086433195769 0.0008516856990209897 0.0060698611270755135 0.00767774838475914 0.0009081033246161896 0.006471845904835512 0.007994884226064843 0.0009456093147783089 0.006739170223091054 0.008122048482358316 0.0009606353674239049 0.006846358877019593 0.007950723638253701 0.0009403709883585567 0.006701943004920289 0.007 0.023 0.34 0.0 0.0 0.0 0.10285550907664617 0.09511883602854543 0.09056326173524437 0.14506480672741098 0.12234517622768196 0.10896720820261818 0.19804477345441468 0.158849867333114 0.13577078597030795 0.2600389654687454 0.20316820413553469 0.16968107384590259 0.3278214031990231 0.25281407509770665 0.20864761574455637 0.396932716280054 0.3045328119654041 0.2501251064591426 0.4621969415607946 0.3548065622055782 0.29157203639624846 0.5185990816992244 0.40054802453332333 0.3310361868249929 0.5604120902759575 0.43787922869841905 0.36572837641130007 0.5780839499652981 0.4585593437709342 0.3881798382637648 0.5623154102735383 0.45364916319241705 0.3896633699871863 0.44264344822644747 0.3754496416428403 0.3358840071591044 0.35532504314026503 0.3155574341292615 0.2921411289306014 0.23309051958376345 0.22691827394334269 0.22328387923690712 0.1337512755784774 0.11471468327881969 0.160342685012523 0.4947387317035773 0.588005462170056 0.5558593593511133 0.6129787881961454 0.772977848233644 0.7178312143892401 0.6563138828451442 0.8503259663014211 0.78345611515826 0.6442688400060721 0.844320130882605 0.7753687552590048 0.5871977822024746 0.7728562864267216 0.7088656507932704 0.5009184729052242 0.6603187545427859 0.6053785007431617 0.4024767631483267 0.5308308087070615 0.48659121410433964 0.30472431604109473 0.40193835897053326 0.36843174193973655 0.21511226215530158 0.283665138255017 0.2600371222131367 0.13690320546786863 0.1803733548618599 0.16539056426777676 0.07078751185881252 0.09298181367833352 0.08533213726406921 0.01612906858786819 0.02063574559988106 0.019082436055573616 0.0 0.0 0.0 0.0 0.0 0.0 0.0 0.0 0.0 0.0 0.0 0.0 0.0 0.0 0.0 0.0 0.0 0.0 0.0 0.0 0.0 0.0 0.0 0.0 0.007 0.023 0.34 0.007 0.023 0.34 0.007 0.023 0.34 0.007 0.023 0.34 0.007 0.023 0.34 0.0012934057364132683 0.0001537374698797308 0.0010903923174388273 0.0023809503350280393 0.000281747371660237 0.0020070113711830417 0.0031689911529264405 0.00037483087111257117 0.0026712568133549805 0.0037712294397595114 0.0004460436189929534 0.0031789015123947937 0.00422074838058867 0.0004992087533013303 0.0035578164505082627 0.004519809504375028 0.0005345800982122515 0.0038099055166089736 0.004642703067399395 0.0005491164677708958 0.003913497002913365 0.004503842479448182 0.0005327201966794085 0.0037964514469307816 0.003602036149334336 0.00042701549762046766 0.0030364577115144903 0.0 0.0 0.0 0.08735159651821356 0.08293670140666178 0.08033708493679648 0.12312164567952226 0.10533271215602652 0.0948580794862677 0.16823557523602758 0.13591857186352505 0.1168893962883161 0.2208006616336037 0.17308741453351228 0.14499249045080764 0.2776633798379741 0.21434335171036056 0.1770587087383961 0.3345330304005307 0.25642540920809975 0.210433408641075 0.38631795088801274 0.2956030186205275 0.24218747283140418 0.4277852355478925 0.3281921478900306 0.26954889036785673 0.45421802066921374 0.3509465879546524 0.2901374156939327 0.4616685232190022 0.3609673552451239 0.30167162835127387 0.4476377476280283 0.35607845887553813 0.3021657318466809 0.3609361926600479 0.30465845019602134 0.2715205063718249 0.2955308067811723 0.2630425335956459 0.24391250945767892 0.19882884233966389 0.19611097585863238 0.19451061836690006 0.0048629481693176334 0.003622824074760346 0.006595224987999666 0.2536165751885295 0.2735988283325176 0.266711575387035 0.3863765205688293 0.47289106471630293 0.4430722277356477 0.43261153417661063 0.5522321493623917 0.5110026929871695 0.43568895761096216 0.5664637881344118 0.5213898252420646 0.404593638322337 0.5301363173241094 0.4868657121772185 0.3494254194806157 0.4593096309931768 0.4214360061347306 0.28161609558299855 0.3706182673707195 0.33994202353663777 0.21076314386230632 0.27741348582574776 0.254441213344892 0.1432393784924 0.18837645220789373 0.1728191253310182 0.08248400557885566 0.1081448250465729 0.09930034924151568 0.029882791157963218 0.038574645716231086 0.035578837361849046 0.0 0.0 0.0 0.0 0.0 0.0 0.0 0.0 0.0 0.0 0.0 0.0 0.0 0.0 0.0 0.0 0.0 0.0 0.0 0.0 0.0 0.0 0.0 0.0 0.0 0.0 0.0 0.0 0.0 0.0 0.007 0.023 0.34 0.007 0.023 0.34 0.007 0.023 0.34 0.007 0.023 0.34 0.0 0.0 0.0 0.0 0.0 0.0 0.0 0.0 0.0 0.0003504207941530855 4.227064768513288e-05 0.00029552884302224054 0.000774671196682112 9.213805569387039e-05 0.0006530889866791545 0.0010490960805682804 0.00012449379794642073 0.000884393178768994 0.0011474861111175172 0.00013619048806762032 0.0009673401966807522 0.0009827312664572607 0.00011704477687297835 0.000828523257713591 1.414704900468155e-05 3.89218623484551e-06 1.2320311511717538e-05 0.0 0.0 0.0 0.0 0.0 0.0 0.09989030335818674 0.08832742935611701 0.08151887854454573 0.13656413042504562 0.11252017970859926 0.09836241407571786 0.17936382179388682 0.1422903152605884 0.12046037462905512 0.22541339950068806 0.1753246854216142 0.14583101846367652 0.27096613583776247 0.20872373057776586 0.17207362276103777 0.3116842499879308 0.23923397489271353 0.19657318145936747 0.34317940324514173 0.2636711805137951 0.21685446571544992 0.3617452066098371 0.27945518180661744 0.2310004624126421 0.36502896583288363 0.2850374293173904 0.2379361255443052 0.3524537229286401 0.2801119537622458 0.2375150517221309 0.28628640347343715 0.24348374001883802 0.218280307987229 0.23629550378947461 0.2138845819837783 0.2006883904641854 0.0 0.0 0.0 0.0 0.0 0.0 0.11552804586270056 0.09770731491745699 0.1404210700720523 0.20311235284952622 0.2273530110055424 0.21899802005019622 0.2560976217192903 0.3149477939241059 0.29466399414741673 0.26836878485293364 0.34201631839499236 0.31663233448386496 0.25440135403406067 0.3293467458892073 0.30351543111777984 0.22133455849633582 0.2885216252484858 0.26536436064710645 0.17664287232523515 0.23086248819439018 0.2121746952609832 0.12714858027318202 0.16613925179043876 0.152700396055876 0.07793727848294497 0.10141978772141816 0.09332610680592772 0.03219935190008029 0.04106751599330216 0.0380109392983742 0.0 0.0 0.0 0.0 0.0 0.0 0.0 0.0 0.0 0.0 0.0 0.0 0.0 0.0 0.0 0.0 0.0 0.0 0.0 0.0 0.0 0.0 0.0 0.0 0.0 0.0 0.0 0.007 0.023 0.34 0.0 0.0 0.0 0.007 0.023 0.34 0.007 0.023 0.34 0.007 0.023 0.34 0.007 0.023 0.34 0.0 0.0 0.0 0.0 0.0 0.0 0.0 0.0 0.0 0.0 0.0 0.0 0.0 0.0 0.0 0.0 0.0 0.0 0.0 0.0 0.0 0.0 0.0 0.0 0.007 0.023 0.34 0.0 0.0 0.0 0.0 0.0 0.0 0.07756279840371316 0.07292294761863408 0.07019087081639053 0.10579328153915488 0.09064781622422433 0.08172973321621635 0.13911001047309 0.11319061500860027 0.09792853388641558 0.1749979073952942 0.13849700760695666 0.11700423419850452 0.21032406384895738 0.1641104959450411 0.1368986258510236 0.2415940180192902 0.1873776032689336 0.15545342813886204 0.26538136092626446 0.2057836193000921 0.17069076504568623 0.27890714046806947 0.21738909631044895 0.18116551302132275 0.2806071230998136 0.22122957754113456 0.18626638102699017 0.27044819919027474 0.21749302968306095 0.18631151181296243 0.22038153957631276 0.19204425220201482 0.17535844719233734 0.1810920874023087 0.170347615745488 0.1640209636340963 0.0021822026696859944 0.0016257206170489265 0.0029595288776248212 0.0 0.0 0.0 0.1040618307159819 0.0866978613600499 0.12831682400866862 0.09667815524038795 0.0799477268712041 0.12004818196412773 0.11632974073131175 0.12429472507061708 0.12154944597439528 0.13770838774131303 0.16457857535737005 0.15531726846315552 0.1348937978266126 0.16790785672486022 0.15652895101533573 0.11681031297694347 0.1478908750544084 0.1371783847675122 0.08877436681760749 0.11291510399115631 0.10459455264959419 0.05552467138760132 0.07006129441505532 0.06505097855919181 0.020903452730416404 0.02483967088482543 0.023482980531507006 0.0 0.0 0.0 0.0 0.0 0.0 0.0 0.0 0.0 0.0 0.0 0.0 0.0 0.0 0.0 0.0 0.0 0.0 0.0 0.0 0.0 0.0 0.0 0.0 0.0 0.0 0.0 0.007 0.023 0.34 0.0 0.0 0.0 0.0 0.0 0.0 0.007 0.023 0.34 0.007 0.023 0.34 0.007 0.023 0.34 0.007 0.023 0.34 0.0 0.0 0.0 0.0 0.0 0.0 0.0 0.0 0.0 0.0 0.0 0.0 0.0 0.0 0.0 0.0 0.0 0.0 0.0 0.0 0.0 0.0 0.0 0.0 0.007 0.023 0.34 0.0 0.0 0.0 0.0 0.0 0.0 0.0 0.0 0.0 0.07834382960851773 0.07214528550870719 0.0684954055174722 0.10288515928362459 0.08793209382150824 0.07912730134782503 0.12963424029156187 0.10624935586763033 0.09247966731143228 0.15603930067242608 0.12506841654131776 0.10683187446292161 0.1793638217938871 0.1422903152605886 0.12046037462905529 0.19702130787969033 0.15600569057774505 0.13185452241503137 0.2069957807206134 0.16481392502200015 0.1399760423468998 0.20823891175382953 0.1681090068137962 0.1444793714135631 0.2008574233929562 0.16618189231215424 0.1457639481886085 0.16395658772028665 0.14999463869513233 0.14177344391697289 0.0 0.0 0.0 0.4390072542776493 0.6288681458251648 0.4231077551359574 0.46800309311128513 0.6817110024264784 0.45010657586102604 0.4479590080025002 0.670263670761835 0.4293425738020341 0.3940089972554507 0.6074065844987606 0.3761384672713176 0.0 0.0 0.0 0.0 0.0 0.0 0.0 0.0 0.0 0.03436254247040676 0.035076070217028014 0.03483013968861414 0.0 0.0 0.0 0.0 0.0 0.0 0.0 0.0 0.0 0.0 0.0 0.0 0.0 0.0 0.0 0.0 0.0 0.0 0.0 0.0 0.0 0.0 0.0 0.0 0.0 0.0 0.0 0.0 0.0 0.0 0.0 0.0 0.0 0.007 0.023 0.34 0.007 0.023 0.34 0.0 0.0 0.0 0.0 0.0 0.0 0.007 0.023 0.34 0.007 0.023 0.34 0.007 0.023 0.34 0.007 0.023 0.34 0.007 0.023 0.34 0.0 0.0 0.0 0.0 0.0 0.0 0.0 0.0 0.0 0.0 0.0 0.0 0.0 0.0 0.0 0.0 0.0 0.0 0.007 0.023 0.34 0.007 0.023 0.34 0.007 0.023 0.34 0.0 0.0 0.0 0.0 0.0 0.0 0.0 0.0 0.0 0.07286427963855924 0.06825456269664804 0.06554022956283152 0.09166001913832267 0.08042919019621037 0.07381615700958655 0.11051318506225036 0.09346728697953155 0.08343017482175119 0.12731544176884818 0.10573259615803096 0.09302399957786901 0.1401472189229612 0.11580154664680135 0.10146611873290849 0.14756900254551986 0.12268311928102854 0.10802959969179911 0.14886696444865552 0.12599391651562997 0.11252561191941676 0.14410216610371557 0.12596505802276475 0.1152854102187664 0.3813977951661123 0.5705916272438247 0.3655541575100647 0.4645254295604931 0.7156575036784385 0.4434949047149364 0.5067260557131704 0.7911101985943676 0.4829109066385186 0.4940047931163117 0.7865508787169563 0.4695061393967345 0.4436487520175847 0.7353283255798289 0.4192226625175186 0.37825076120710793 0.6552672343089707 0.3550526020684982 0.318387550986244 0.569660596957244 0.29734522075076003 0.2668470576152765 0.4841097236059871 0.24865285477926752 0.0 0.0 0.0 0.0 0.0 0.0 0.0 0.0 0.0 0.0 0.0 0.0 0.0 0.0 0.0 0.0 0.0 0.0 0.0 0.0 0.0 0.0 0.0 0.0 0.0 0.0 0.0 0.0 0.0 0.0 0.0 0.0 0.0 0.0 0.0 0.0 0.007 0.023 0.34 0.007 0.023 0.34 0.007 0.023 0.34 0.0 0.0 0.0 0.1419285870744813 0.1898242105695542 0.20725805507982029 0.007 0.023 0.34 0.007 0.023 0.34 0.007 0.023 0.34 0.007 0.023 0.34 0.007 0.023 0.34 0.007 0.023 0.34 0.007 0.023 0.34 0.007 0.023 0.34 0.007 0.023 0.34 0.007 0.023 0.34 0.007 0.023 0.34 0.007 0.023 0.34 0.007 0.023 0.34 0.004050990337345127 0.006909843390341446 0.002340304316146199 0.0 0.0 0.0 0.0 0.0 0.0 0.0 0.0 0.0 0.0 0.0 0.0 0.06260500498090944 0.06236498343639725 0.06222365188842824 0.07519617870094894 0.07056081754928048 0.06783138437155417 0.08673873531178652 0.07881505358990351 0.07414936324263321 0.09581103275874309 0.08606493632868989 0.08032615609579859 0.10136865116808269 0.09159687274897654 0.08584297022664596 0.10285550907664798 0.09511883602854573 0.09056326173524382 0.10006541783773289 0.09662777667243015 0.0946035952672083 0.37241529042751254 0.6300891330109087 0.35083693900612006 0.4070014610169194 0.7032253579382717 0.38219481676037453 0.4176605881041415 0.7370304313527174 0.3909156354852806 0.39388386038515993 0.7154139497211054 0.3669580025228229 0.35780937297420734 0.6741110322367418 0.3313213589394592 0.31891120310010845 0.6182850345730625 0.29384077423109617 0.281863115024396 0.554972538469726 0.2589921435027529 0.24563022043549937 0.4856414682060795 0.22553098569146723 0.20949223989484625 0.41189711467112655 0.19254227138606392 0.17378673278840634 0.3359566717120639 0.1602061539566693 0.0 0.0 0.0 0.0 0.0 0.0 0.0 0.0 0.0 0.0 0.0 0.0 0.0 0.0 0.0 0.0 0.0 0.0 0.0 0.0 0.0 0.007 0.023 0.34 0.007 0.023 0.34 0.007 0.023 0.34 0.007 0.023 0.34 0.007 0.023 0.34 0.007 0.023 0.34 0.007 0.023 0.34 0.1170121976783067 0.156395795303877 0.17073129126687897 0.007 0.023 0.34 0.007 0.023 0.34 0.007 0.023 0.34 0.007 0.023 0.34 0.007 0.023 0.34 0.007 0.023 0.34 0.007 0.023 0.34 0.007 0.023 0.34 0.007 0.023 0.34 0.007 0.023 0.34 0.007 0.023 0.34 0.007 0.023 0.34 0.003029462744593098 0.00516740612139677 0.0017501560502599766 0.0 0.0 0.0 0.0 0.0 0.0 0.0 0.0 0.0 0.0 0.0 0.0 0.0 0.0 0.0 0.0 0.0 0.0 0.0 0.0 0.0 0.0 0.0 0.0 0.0 0.0 0.0 0.0 0.0 0.0 0.0 0.0 0.0 0.23966131346595387 0.4123850540682532 0.22519692881531722 0.3085349685850697 0.5839651995004779 0.28546964594625984 0.32388547483154 0.6286548654992125 0.2983632062598583 0.3223455877224043 0.6382957591126868 0.29588700829674086 0.3154215907006427 0.6355215439320364 0.28861549656416563 0.30109162095173886 0.6139283939608771 0.2748937664941574 0.2811692476364843 0.5769376899679243 0.25640074446208844 0.25647138910798356 0.5273477695450148 0.23378741905412262 0.2280199514250133 0.4682756800001132 0.20790024315265243 0.19722039422544743 0.4031012224280372 0.1799793393424903 0.16556315681642805 0.33498755248811396 0.15137506883470966 0.13436465716599133 0.2664833013490469 0.12330066050681483 0.0 0.0 0.0 0.0 0.0 0.0 0.0 0.0 0.0 0.0 0.0 0.0 0.0 0.0 0.0 0.0 0.0 0.0 0.0 0.0 0.0 0.0 0.0 0.0 0.0 0.0 0.0 0.0 0.0 0.0 0.007 0.023 0.34 0.007 0.023 0.34 0.007 0.023 0.34 0.08656390691893709 0.11530750377038765 0.1257700755380464 0.007 0.023 0.34 0.007 0.023 0.34 0.007 0.023 0.34 0.007 0.023 0.34 0.007 0.023 0.34 0.007 0.023 0.34 0.007 0.023 0.34 0.007 0.023 0.34 0.007 0.023 0.34 0.007 0.023 0.34 0.007 0.023 0.34 0.0019373567340959426 0.0033045804362066573 0.0011192347699042924 0.0021749081728275805 0.0037097758323476463 0.00125647109304156 0.0 0.0 0.0 0.0 0.0 0.0 0.0 0.0 0.0 0.0 0.0 0.0 0.0 0.0 0.0 0.0 0.0 0.0 0.0 0.0 0.0 0.0 0.0 0.0 0.0 0.0 0.0 0.0 0.0 0.0 0.17778037837013358 0.31121921876956027 0.16660582466870383 0.21124142087680142 0.39900205654534443 0.19551780322535678 0.2632381927482081 0.5316090401962182 0.24076404325972908 0.27303688164313167 0.5592752506244323 0.2490664543221449 0.27970745546807374 0.5778142419540339 0.25474313260393155 0.2787743156704988 0.5784643669963301 0.2536774056381546 0.2704158042329429 0.5622768798775024 0.24597451522455013 0.25533004648246543 0.5312729151228187 0.2322217940807047 0.23470248455750164 0.4882379788667057 0.21347069036702307 0.20999889550204578 0.43632432540698873 0.1910457506538024 0.18274436918364612 0.3786609667359949 0.16633774773971804 0.15437023001047837 0.31807219309621304 0.1406613550528174 0.1261233532809975 0.25689689330354837 0.11517199952721928 0.09900373337990512 0.19684689407650077 0.09081006465310143 0.0736611039158107 0.138742615160586 0.06821099028923819 0.0 0.0 0.0 0.0 0.0 0.0 0.0 0.0 0.0 0.0 0.0 0.0 0.0 0.0 0.0 0.0 0.0 0.0 0.0 0.0 0.0 0.0 0.0 0.0 0.0 0.0 0.0 0.007 0.023 0.34 0.007 0.023 0.34 0.007 0.023 0.34 0.007 0.023 0.34 0.007 0.023 0.34 0.007 0.023 0.34 0.007 0.023 0.34 0.007 0.023 0.34 0.007 0.023 0.34 0.007 0.023 0.34 0.007 0.023 0.34 0.007 0.023 0.34 0.007 0.023 0.34 0.007 0.023 0.34 0.0011132274879524073 0.001898849207751086 0.0006431256432278995 0.0 0.0 0.0 0.0 0.0 0.0 0.0 0.0 0.0 0.0 0.0 0.0 0.0 0.0 0.0 0.0 0.0 0.0 0.0 0.0 0.0 0.0 0.0 0.0 0.0 0.0 0.0 0.007 0.023 0.34 0.12568173107007266 0.21245746666036483 0.1184148804707103 0.15787168910444463 0.29829014286404104 0.14611264243174074 0.18865999108923384 0.3753521882539601 0.1730258475624282 0.22804560761697915 0.47092026333536696 0.2077065828254159 0.24141811044674744 0.5015231153221815 0.21963616647682907 0.24807428465305076 0.5167019759458422 0.22557862631956235 0.247694544405533 0.5164587839446961 0.22518745112771088 0.2405902735305314 0.5018353712228238 0.2187128548969509 0.2275697769473879 0.474696706435753 0.2068746544750178 0.20974141809272992 0.4374082569970148 0.190675939782551 0.18834129637473637 0.39252903482342394 0.17124202571532074 0.1646099657764841 0.34256892371650316 0.14970716891315217 0.13971300844613638 0.28981737650031714 0.12714283534945958 0.11469371657152516 0.2362320067728786 0.10451574929775666 0.09044240887222747 0.18335904698851904 0.0826613013680043 0.06765548197872338 0.13222242373749898 0.06224845988634893 0.046698934711542024 0.08296131440888471 0.043662218354770285 0.0 0.0 0.0 0.0 0.0 0.0 0.0 0.0 0.0 0.0 0.0 0.0 0.0 0.0 0.0 0.0 0.0 0.0 0.0 0.0 0.0 0.0 0.0 0.0 0.007 0.023 0.34 0.007 0.023 0.34 0.007 0.023 0.34 0.007 0.023 0.34 0.007 0.023 0.34 0.007 0.023 0.34 0.007 0.023 0.34 0.007 0.023 0.34 0.007 0.023 0.34 0.007 0.023 0.34 0.007 0.023 0.34 0.007 0.023 0.34 0.007 0.023 0.34 0.007 0.023 0.34 0.00026134712742527345 0.0004457357649268511 0.00015101229775948608 0.0 0.0 0.0 0.0 0.0 0.0 0.0 0.0 0.0 0.0 0.0 0.0 0.0 0.0 0.0 0.0 0.0 0.0 0.0 0.0 0.0 0.0 0.0 0.0 0.0 0.0 0.0 0.07541251571581623 0.1057614250637744 0.07287101043689266 0.11162368948779774 0.2033249506926997 0.10394436115464012 0.13766550686321358 0.2707250537929411 0.12652271629186695 0.16426827994754192 0.3342673637475217 0.15003206592297147 0.19880769446556817 0.41321238160444207 0.18085282702892128 0.21004014535044677 0.437706132798129 0.19097473834370177 0.21533987284351344 0.4491957359987236 0.19575610777631236 0.2146585756607049 0.4479334417031781 0.19512346496892577 0.20839730212930357 0.4349148454768686 0.1894280691467889 0.19726422563505136 0.4116746045193236 0.17930888155521402 0.1821447869781062 0.38006856627595925 0.1655700783405505 0.16400016283493993 0.3420791022850006 0.14908731837359884 0.1437937807725877 0.29965822736486103 0.1307412420711462 0.12244305370976703 0.2546136108658361 0.11137470970836988 0.1007911693266011 0.20853320689080432 0.09176854007518692 0.07959017587526006 0.16273333273498705 0.07262752790519113 0.0594808284103195 0.11819761571814044 0.05456371513968068 0.04093355757726207 0.07541527265204073 0.038045959216341574 0.02397406143543011 0.03365337130788548 0.023163488084831683 0.0 0.0 0.0 0.0 0.0 0.0 0.0 0.0 0.0 0.0 0.0 0.0 0.0 0.0 0.0 0.0 0.0 0.0 0.0 0.0 0.0 0.0 0.0 0.0 0.007 0.023 0.34 0.007 0.023 0.34 0.007 0.023 0.34 0.007 0.023 0.34 0.007 0.023 0.34 0.007 0.023 0.34 0.007 0.023 0.34 0.007 0.023 0.34 0.007 0.023 0.34 0.007 0.023 0.34 0.007 0.023 0.34 0.007 0.023 0.34 0.007 0.023 0.34 0.0 0.0 0.0 0.03423456343107087 0.045912605107808355 0.027246634257714016 0.03941646696062304 0.05939902157014966 0.027459267270861513 0.0 0.0 0.0 0.0 0.0 0.0 0.0 0.0 0.0 0.0 0.0 0.0 0.0 0.0 0.0 0.0 0.0 0.0 0.0 0.0 0.0 0.07054133653008479 0.11323728568587181 0.06696585449466905 0.09555204988443877 0.18068420871434243 0.08842283714760886 0.11982546138856855 0.2403162782861927 0.10973521255306212 0.14017451045000032 0.2878703589048544 0.12780603373739774 0.16912407062197082 0.3521647130329762 0.15379571883141693 0.17811282629160313 0.37144903598398754 0.16192229397603816 0.1821447869781063 0.3800685662759594 0.16557007834055057 0.1812918334114954 0.37836228768272345 0.16478858467501686 0.17591988252467852 0.3671709100780291 0.15990396938086401 0.16659315947191192 0.34769711622363253 0.15142699132922016 0.15399373535310118 0.32136475980366 0.13997760260503722 0.1388575268360003 0.28969109772539997 0.1262262881888661 0.12192663909046417 0.25418118252983884 0.11085126183525444 0.10391798926332024 0.2162494896681652 0.09451102514493667 0.08550579031247327 0.1771672803061989 0.07782979253534962 0.06731222986387116 0.13802651502062246 0.06139041148942334 0.049896921119621566 0.09970064944537137 0.04572621313803525 0.033725543845723044 0.06275339489506918 0.03129466780230819 0.01904290401883304 0.027096937476391632 0.018368436007006796 0.0 0.0 0.0 0.0 0.0 0.0 0.0 0.0 0.0 0.0 0.0 0.0 0.0 0.0 0.0 0.0 0.0 0.0 0.0 0.0 0.0 0.0 0.0 0.0 0.007 0.023 0.34 0.007 0.023 0.34 0.007 0.023 0.34 0.007 0.023 0.34 0.007 0.023 0.34 0.007 0.023 0.34 0.007 0.023 0.34 0.007 0.023 0.34 0.007 0.023 0.34 0.007 0.023 0.34 0.007 0.023 0.34 0.007 0.023 0.34 0.007 0.023 0.34 0.0 0.0 0.0 0.029798905798936466 0.03530990795687675 0.026501221664907728 0.032904760718835 0.04595864369954478 0.025093552964011098 0.03736513345950111 0.05649209537561519 0.025919904981035927 0.04198085529516731 0.06565268804345223 0.02781605821467109 0.0 0.0 0.0 0.0 0.0 0.0 0.0 0.0 0.0 0.0 0.0 0.0 0.0 0.0 0.0 0.05892159549513397 0.098522833637961 0.05560527349364248 0.07913638885305296 0.15203915157686232 0.0730313010495224 0.09928281595213943 0.20055158827241615 0.09080227661903789 0.11626182865941895 0.2395054707539444 0.10594105029516852 0.14006083071924186 0.291760290899964 0.12735708000323465 0.14718519677982447 0.3069793333298089 0.1338035744972385 0.1502710242669926 0.31356111318641494 0.13659664084100198 0.14941875710831642 0.31183570420768486 0.1358174930988911 0.14492830547001442 0.30247811945198094 0.13173462923810286 0.13723618142853802 0.28641526267329936 0.12474349452036625 0.1268631350769583 0.26473265767139637 0.11531754325818637 0.11437183277035724 0.23858863468497468 0.10396955919349002 0.1003349829443838 0.20914221193768018 0.09122315148774159 0.08531442387658394 0.17749853028280002 0.07759466069240833 0.06984993005084879 0.14467135372657813 0.06358416804048395 0.05445400659670961 0.11155682564429759 0.04967205168732746 0.039606144379459716 0.07890552284632563 0.03631510097863073 0.025733820333131204 0.047262080274355724 0.023930981698656782 0.013138702963282237 0.016762289875302056 0.012835253334831048 0.0 0.0 0.0 0.0 0.0 0.0 0.0 0.0 0.0 0.0 0.0 0.0 0.0 0.0 0.0 0.0 0.0 0.0 0.0 0.0 0.0 0.0 0.0 0.0 0.007 0.023 0.34 0.007 0.023 0.34 0.007 0.023 0.34 0.007 0.023 0.34 0.007 0.023 0.34 0.007 0.023 0.34 0.007 0.023 0.34 0.007 0.023 0.34 0.007 0.023 0.34 0.007 0.023 0.34 0.007 0.023 0.34 0.007 0.023 0.34 0.007 0.023 0.34 0.0 0.0 0.0 0.0 0.0 0.0 0.028387058277020073 0.03356178499306543 0.025290595292542635 0.03077959436804719 0.04138221733372423 0.02443517632374914 0.033884786389437524 0.04841540926566468 0.025189924158717916 0.03688918082161934 0.05366211205087174 0.0268525617801684 0.03943376265679684 0.0564263097441705 0.029265729453247617 0.0 0.0 0.0 0.0 0.0 0.0 0.007 0.023 0.34 0.04630151736356503 0.07735815716369401 0.043700744693526195 0.06294486310491061 0.1210219151254935 0.058081323113989634 0.07929339742739473 0.16018176265300063 0.07251957221781744 0.0932284379976724 0.19199250660877368 0.0849576497836646 0.11275604826896381 0.23479602251602547 0.10253606852496451 0.11842570755827637 0.24692921842078946 0.10766445259939719 0.12083831259574157 0.25209525334887706 0.10984647746932061 0.1200875110225553 0.25058151347204205 0.10915956655210438 0.11640866988219979 0.2429185147597323 0.10581437026814519 0.11013597456629272 0.22981685314911407 0.1001135523033683 0.10166682803264702 0.21210405512514038 0.09241849582975893 0.09143312787715618 0.19066619344538455 0.08312306450407522 0.07987972524130799 0.16639832559325826 0.07263440788909303 0.0674504203857184 0.14016630148275525 0.06136098258909683 0.05458071732171509 0.112779711495793 0.04970696554284227 0.04169481554023922 0.08497209667033088 0.03807065108712726 0.029202172202991233 0.05737932124764118 0.026842536401225192 0.01748450369441576 0.03049445964140287 0.01639501242674833 0.0 0.0 0.0 0.0 0.0 0.0 0.0 0.0 0.0 0.0 0.0 0.0 0.0 0.0 0.0 0.0 0.0 0.0 0.0 0.0 0.0 0.0 0.0 0.0 0.007 0.023 0.34 0.007 0.023 0.34 0.007 0.023 0.34 0.007 0.023 0.34 0.007 0.023 0.34 0.007 0.023 0.34 0.007 0.023 0.34 0.007 0.023 0.34 0.007 0.023 0.34 0.007 0.023 0.34 0.007 0.023 0.34 0.007 0.023 0.34 0.007 0.023 0.34 0.007 0.023 0.34 0.007 0.023 0.34 0.0 0.0 0.0 0.0 0.0 0.0 0.027515849604516748 0.028810627794689167 0.02674107772592728 0.028863308381188668 0.03354262038849101 0.026063292608663854 0.03081594777868562 0.03717741169880165 0.02700936268992141 0.032909883031702836 0.03889680668873566 0.029327416070227857 0.0 0.0 0.0 0.007 0.023 0.34 0.007 0.023 0.34 0.03381769763659716 0.05389740424607881 0.03213616503975385 0.04747422274158185 0.08992443154351833 0.04391931971279185 0.06041818651737578 0.12121694148572712 0.05532672326469578 0.07174110195489015 0.1472098660835569 0.06542112978627751 0.08787921327139885 0.18276704838776733 0.07993303204000957 0.09242640205741491 0.19256522574548965 0.08404048788466849 0.09435863456249766 0.19674381352986695 0.08578460411396654 0.09375109362699649 0.19554017073945335 0.08522698246860086 0.09078400747086168 0.18936705240805116 0.08252837870187979 0.08571217816776934 0.1787690833685705 0.07791932429297144 0.07883994063766787 0.16437927347629455 0.0716766299739324 0.0705012714845316 0.146878863733773 0.06410519142553012 0.06104512437183243 0.12696306002858956 0.05552496615044107 0.05082606958611161 0.10531418152882453 0.0462630777977329 0.04019961213536085 0.08258195311924932 0.036650392553572546 0.029520373768898416 0.059368123082786745 0.02702083707795838 0.019139659819965196 0.03620855424679341 0.017710261326800182 0.00939533288616063 0.013535984134002838 0.009048582797585192 0.0 0.0 0.0 0.0 0.0 0.0 0.0 0.0 0.0 0.0 0.0 0.0 0.0 0.0 0.0 0.0 0.0 0.0 0.0 0.0 0.0 0.007 0.023 0.34 0.007 0.023 0.34 0.007 0.023 0.34 0.007 0.023 0.34 0.007 0.023 0.34 0.007 0.023 0.34 0.007 0.023 0.34 0.007 0.023 0.34 0.007 0.023 0.34 0.007 0.023 0.34 0.007 0.023 0.34 0.007 0.023 0.34 0.007 0.023 0.34 0.007 0.023 0.34 0.007 0.023 0.34 0.007 0.023 0.34 0.007 0.023 0.34 0.0 0.0 0.0 0.0 0.0 0.0 0.0 0.0 0.0 0.0 0.0 0.0 0.0 0.0 0.0 0.007 0.023 0.34 0.007 0.023 0.34 0.007 0.023 0.34 0.022014255386457418 0.03020857467578209 0.021328039434107056 0.03313903841870194 0.060203905563118755 0.030872548314156277 0.04333785878966867 0.08541506380957946 0.039814192174359234 0.052431221063232426 0.10663461748801487 0.04789207217423158 0.06570965012520001 0.1362597197482494 0.059801583633595806 0.06938147435726592 0.14427584380779052 0.0631096036571425 0.07096060776066809 0.14775219943348264 0.06452985819481816 0.0705012714845316 0.146878863733773 0.06410519142553012 0.068138688112578 0.14197527469301094 0.061955399203565104 0.06406673605973036 0.13345981710771937 0.05825555913135417 0.05851982146295095 0.12181946068421823 0.053218926943470246 0.05175880938790975 0.10758182889009854 0.047084028586938026 0.04406092747196689 0.09129130794656523 0.0401057190680828 0.03571350493526175 0.07349002712359418 0.03254998991532317 0.027010956866321822 0.05470331068137843 0.024691919216571136 0.01825359631390163 0.035427328840590556 0.016815418375611475 0.009745517760103801 0.016113342091823003 0.009212257768162407 0.0 0.0 0.0 0.0 0.0 0.0 0.0 0.0 0.0 0.0 0.0 0.0 0.0 0.0 0.0 0.0 0.0 0.0 0.0 0.0 0.0 0.007 0.023 0.34 0.007 0.023 0.34 0.007 0.023 0.34 0.007 0.023 0.34 0.007 0.023 0.34 0.007 0.023 0.34 0.007 0.023 0.34 0.007 0.023 0.34 0.007 0.023 0.34 0.007 0.023 0.34 0.007 0.023 0.34 0.007 0.023 0.34 0.007 0.023 0.34 0.007 0.023 0.34 0.007 0.023 0.34 0.007 0.023 0.34 0.007 0.023 0.34 0.007 0.023 0.34 0.007 0.023 0.34 0.007 0.023 0.34 0.007 0.023 0.34 0.007 0.023 0.34 0.007 0.023 0.34 0.007 0.023 0.34 0.007 0.023 0.34 0.007 0.023 0.34 0.0 0.0 0.0 0.020227733223484614 0.03271389530434789 0.019182105966235437 0.02837841446367767 0.053568053763534046 0.026268961352174908 0.03563938645831729 0.07100301554213666 0.03267793407240251 0.046285196596679845 0.09531546832933824 0.04217926010298532 0.04925831262919052 0.10195007259180297 0.044845752541268845 0.05056430866693591 0.10491035446878492 0.0460132139073045 0.05023747789188386 0.10434535146229032 0.04570632836246036 0.04837694993774643 0.10050152389908171 0.044011887642903584 0.04512992509452742 0.09370146937536657 0.041062403761885934 0.04067821649494093 0.08432250497745455 0.03702331778667371 0.03522806174936812 0.07277700541261219 0.032083604812085824 0.029003043083191012 0.05949555091362928 0.02644951245280969 0.022239853464194485 0.04491327609384525 0.02034111560037733 0.015186323815130074 0.029458886912699538 0.013991098179824567 0.008100511341800409 0.013544315638372148 0.0076446314550296275 0.0 0.0 0.0 0.0 0.0 0.0 0.0 0.0 0.0 0.0 0.0 0.0 0.0 0.0 0.0 0.0 0.0 0.0 0.0 0.0 0.0 0.007 0.023 0.34 0.007 0.023 0.34 0.007 0.023 0.34 0.007 0.023 0.34 0.007 0.023 0.34 0.007 0.023 0.34 0.007 0.023 0.34 0.007 0.023 0.34 0.007 0.023 0.34 0.007 0.023 0.34 0.007 0.023 0.34 0.007 0.023 0.34 0.007 0.023 0.34 0.007 0.023 0.34 0.007 0.023 0.34 0.007 0.023 0.34 0.007 0.023 0.34 0.007 0.023 0.34 0.007 0.023 0.34 0.007 0.023 0.34 0.007 0.023 0.34 0.007 0.023 0.34 0.007 0.023 0.34 0.007 0.023 0.34 0.007 0.023 0.34 0.007 0.023 0.34 0.007 0.023 0.34 0.0 0.0 0.0 0.0 0.0 0.0 0.015333392456550372 0.025244535464384463 0.014503404729947883 0.021056712191931733 0.03962901584621086 0.019501413870073012 0.0295183206301438 0.059685676191810894 0.0269920191893871 0.031915786307586055 0.0652271226264893 0.02912619884228932 0.03299595489275116 0.06779087436763064 0.030082127891219182 0.03277554572239447 0.06749209001832764 0.029868282084598064 0.03132495805103229 0.06452060533640593 0.02854505871937021 0.028755535401243364 0.05912629893868265 0.02621219998940476 0.025209369113658477 0.05160393590346883 0.022999011895806193 0.020851733556346484 0.04227917568261442 0.01905733769673372 0.015865988849444904 0.03149650578339228 0.014557044239789464 0.01045063602907069 0.019609231551960378 0.009683668801284103 0.004817945046773424 0.006970871065827867 0.004637652806949429 0.0 0.0 0.0 0.0 0.0 0.0 0.0 0.0 0.0 0.0 0.0 0.0 0.0 0.0 0.0 0.0 0.0 0.0 0.0 0.0 0.0 0.0 0.0 0.0 0.007 0.023 0.34 0.007 0.023 0.34 0.007 0.023 0.34 0.007 0.023 0.34 0.007 0.023 0.34 0.007 0.023 0.34 
