50 50
25
[ 1.  2. -1.] 4 (0.18847825545384722, 0.9722798341054745, 0.10663330986548847) 0 0.4032821137545872 1 
[-5.  6. -2.] 3 (0.6632520578176799, 0.7605523980034792, 0.523381899961911) 0 0.3949242436026117 1 
[-3. -5. -7.] 4 (0.3697392906509952, 0.9049067595834953, 0.5979735269628962) 0 0.7084034888646541 1 
[-2.  6. -2.] 0 (0.2923975733716384, 0.17009137305177924, 0.030467833073699824) 0 0.7712015458145512 1 
[2. 9. 6.] 4 (0.3954957146743391, 0.2547136590512299, 0.8565402691873971) 0 0.6456960535691681 1 
[-1. -6. -9.] 2 (0.43331973231585874, 0.313663855644414, 0.41654142670192407) 0 0.35005088030863074 1 
[ -8. -10.  -5.] 2 (0.9195948943731079, 0.7700541653739009, 0.672867727128408) 0 0.20537455954026407 1 
[-2.  5.  2.] 3 (0.7460619774142294, 0.38769138030380124, 0.41790982731909077) 0 0.04678145192439098 1 
[ 4. -3.  5.] 0 (0.3075151547708599, 0.2577301750320531, 0.866335771293585) 0 0.3902984811640646 1 
[ 5.  0. -9.] 1 (0.053572487493016796, 0.7278977575235103, 0.7754416398596335) 0 0.32484815632351527 1 
[ 9. -1. -1.] 0 (0.8406530898375725, 0.22301067844535605, 0.24123605526015868) 0 0.517088063104406 1 
[6. 3. 0.] 1 (0.030739105096492803, 0.20912211519821955, 0.2744987762987514) 0 0.5362819968093218 1 
[-6.  7.  6.] 0 (0.4842188275816597, 0.7304210673531434, 0.18686348911909212) 0 0.8733987647405079 1 
[ 3. -2. -7.] 1 (0.3398438760781479, 0.8441127082460584, 0.15534283448407082) 0 0.6239597095561709 1 
[ -1. -10.   9.] 1 (0.9734024700149109, 0.01573257342131895, 0.9828161061367865) 0 0.26003484041494085 1 
[1. 0. 0.] 4 (0.5441702233679604, 0.577951766098357, 0.3138295301250358) 0 0.6626427831094246 1 
[8. 5. 3.] 3 (0.29408747171076033, 0.6550531779440719, 0.9829355239226778) 0 0.4404318931213903 1 
[-10.  -4.  -5.] 1 (0.06205071334797074, 0.896766986198507, 0.6992629107635896) 0 0.21025129930697717 1 
[-6.  8. -2.] 2 (0.16029389141589412, 0.8735381452501044, 0.12506322343435172) 0 0.8931458446215933 1 
[ 1. -7.  4.] 0 (0.9475244274202997, 0.5099274606067685, 0.795460914190491) 0 0.7414670330227402 1 
[-9.  7. -3.] 3 (0.5147783961560082, 0.19688221855852872, 0.4305785221178374) 0 0.17152097778281117 1 
[ 1.  1. -3.] 1 (0.2406148263217548, 0.20456248542370814, 0.5030674865119251) 0 0.135861713862656 1 
[ 9. -7. -1.] 2 (0.8104172596705778, 0.8442009935065302, 0.25513212192054335) 0 0.40491035978079837 1 
[-1. -6. -9.] 0 (0.8831002550204833, 0.46131555037465677, 0.5712461546042287) 0 0.674582180348718 1 
[  7. -10.   9.] 2 (0.24052700598292343, 0.005185281679901177, 0.7787358483825159) 0 0.12402258934612143 1 
2
[ 0. 10.  0.] 50
[ 0.  0. 50.] 100
0.007 0.023 0.34 0.007 0.023 0.34 0.007 0.023 0.34 0.007 0.023 0.34 0.007 0.023 0.34 0.007 0.023 0.34 0.007 0.023 0.34 0.007 0.023 0.34 0.007 0.023 0.34 0.0028222862846060555 0.001906786045522324 0.005820441113478096 0.002061072574599393 0.0014353441411402274 0.004110259067675287 0.001633044059006817 0.0011674341740451452 0.003157861274090817 0.0013410399674259684 0.0009833427896301177 0.0025124558503490167 0.0011324464402072865 0.0008513629334072912 0.002052961626606508 0.000984123363115052 0.0007575915877490028 0.001725988091502698 0.0008836888743138967 0.0006945934637980886 0.0015029539426910758 0.0008238453893160661 0.0006579853779608152 0.0013670172780085345 0.0008001292041061429 0.0006450881964814705 0.001307870137247051 0.0008098719442499677 0.0006543062405608669 0.0013193311948441085 0.0008516819084438028 0.0006848165210942402 0.0013981462844164434 0.0009251868541189608 0.0007364121100081737 0.0015434017780072292 0.001030934000531807 0.0008094365237846819 0.001756311997327315 0.0011704114644074206 0.000904786535041933 0.0020403016409987285 0.001346199132391869 0.0010239861491364783 0.0024014084818064258 0.001562306829320769 0.001169362725846234 0.0028491522183378905 0.002143459744869812 0.0015545515283574712 0.004072064389327377 0.0025345023235122856 0.0018089516911980361 0.004910594692468154 0.0030301012739345416 0.0021256351861576547 0.005992120564430066 0.003713814981216043 0.0025521876387017955 0.007518006916539348 0.005288168380591211 0.003502201983499081 0.011136996757746053 0.007 0.023 0.34 0.007 0.023 0.34 0.007 0.023 0.34 0.007 0.023 0.34 0.007 0.023 0.34 0.007 0.023 0.34 0.007 0.023 0.34 0.007 0.023 0.34 0.007 0.023 0.34 0.007 0.023 0.34 0.007 0.023 0.34 0.007 0.023 0.34 0.007 0.023 0.34 0.007 0.023 0.34 0.007 0.023 0.34 0.007 0.023 0.34 0.007 0.023 0.34 0.007 0.023 0.34 0.007 0.023 0.34 0.007 0.023 0.34 0.007 0.023 0.34 0.007 0.023 0.34 0.007 0.023 0.34 0.007 0.023 0.34 0.007 0.023 0.34 0.007 0.023 0.34 0.007 0.023 0.34 0.007 0.023 0.34 0.007 0.023 0.34 0.0013153661088981454 0.0009203283906785223 0.0026090678381867505 0.0007682788083441922 0.0005731936143993038 0.001407159707875897 0.0004154599278224165 0.0003472783933851216 0.000638746376024409 0.0 0.0 0.0 0.0 0.0 0.0 0.0 0.0 0.0 0.0 0.0 0.0 0.0 0.0 0.0 0.0 0.0 0.0 0.0 0.0 0.0 0.0 0.0 0.0 0.0 0.0 0.0 0.0 0.0 0.0 0.0 0.0 0.0 0.0 0.0 0.0 0.0003701186952240051 0.00034261066823791235 0.0004602042248833298 0.0008898706308417058 0.0006885608395601095 0.0015491363492583447 0.001236730613040481 0.0009168304163926083 0.0022843658602981444 0.0016688996375040321 0.0011980244390940426 0.0032109601303794153 0.0022364850349928006 0.0015616098016496905 0.004446621475545641 0.0031104701593433707 0.0021093480272412557 0.006389026544709984 0.007 0.023 0.34 0.007 0.023 0.34 0.007 0.023 0.34 0.007 0.023 0.34 0.007 0.023 0.34 0.007 0.023 0.34 0.007 0.023 0.34 0.007 0.023 0.34 0.007 0.023 0.34 0.007 0.023 0.34 0.007 0.023 0.34 0.007 0.023 0.34 0.007 0.023 0.34 0.007 0.023 0.34 0.007 0.023 0.34 0.007 0.023 0.34 0.007 0.023 0.34 0.007 0.023 0.34 0.007 0.023 0.34 0.007 0.023 0.34 0.007 0.023 0.34 0.007 0.023 0.34 0.007 0.023 0.34 0.007 0.023 0.34 0.007 0.023 0.34 0.007 0.023 0.34 0.007 0.023 0.34 0.007 0.023 0.34 0.0009242573460883832 0.0006440535008343496 0.0018418917451331002 0.0 0.0 0.0 0.0 0.0 0.0 0.0 0.0 0.0 0.0 0.0 0.0 0.0 0.0 0.0 0.0 0.0 0.0 0.0 0.0 0.0 0.0 0.0 0.0 0.0 0.0 0.0 0.0 0.0 0.0 0.0 0.0 0.0 0.0 0.0 0.0 0.0 0.0 0.0 0.0 0.0 0.0 0.0 0.0 0.0 0.0 0.0 0.0 0.0 0.0 0.0 0.0 0.0 0.0 0.0004811259051019076 0.00039385588478798824 0.0007669248832450561 0.0009741223307985781 0.0007141558773503661 0.0018254816690883955 0.0016713356554238952 0.0011605063148837514 0.003344241230634649 0.007 0.023 0.34 0.007 0.023 0.34 0.007 0.023 0.34 0.007 0.023 0.34 0.007 0.023 0.34 0.007 0.023 0.34 0.007 0.023 0.34 0.007 0.023 0.34 0.007 0.023 0.34 0.007 0.023 0.34 0.007 0.023 0.34 0.007 0.023 0.34 0.007 0.023 0.34 0.007 0.023 0.34 0.007 0.023 0.34 0.007 0.023 0.34 0.007 0.023 0.34 0.007 0.023 0.34 0.007 0.023 0.34 0.007 0.023 0.34 0.007 0.023 0.34 0.007 0.023 0.34 0.007 0.023 0.34 0.007 0.023 0.34 0.007 0.023 0.34 0.007 0.023 0.34 0.007 0.023 0.34 0.007 0.023 0.34 0.0 0.0 0.0 0.0 0.0 0.0 0.0 0.0 0.0 0.0 0.0 0.0 0.0 0.0 0.0 0.0 0.0 0.0 0.0 0.0 0.0 0.0 0.0 0.0 0.0 0.0 0.0 0.0 0.0 0.0 0.0 0.0 0.0 0.0 0.0 0.0 0.0 0.0 0.0 0.0 0.0 0.0 0.0 0.0 0.0 0.0 0.0 0.0 0.0 0.0 0.0 0.0 0.0 0.0 0.0 0.0 0.0 0.0 0.0 0.0 0.0 0.0 0.0 0.0004661413643170109 0.0003623795175254058 0.0008059491204813203 0.0015316705731567677 0.0010414296812469113 0.003137151418100209 0.007 0.023 0.34 0.007 0.023 0.34 0.007 0.023 0.34 0.007 0.023 0.34 0.007 0.023 0.34 0.007 0.023 0.34 0.007 0.023 0.34 0.007 0.023 0.34 0.007 0.023 0.34 0.007 0.023 0.34 0.007 0.023 0.34 0.007 0.023 0.34 0.007 0.023 0.34 0.007 0.023 0.34 0.007 0.023 0.34 0.007 0.023 0.34 0.007 0.023 0.34 0.007 0.023 0.34 0.007 0.023 0.34 0.007 0.023 0.34 0.007 0.023 0.34 0.007 0.023 0.34 0.007 0.023 0.34 0.007 0.023 0.34 0.007 0.023 0.34 0.007 0.023 0.34 0.007 0.023 0.34 0.0 0.0 0.0 0.0 0.0 0.0 0.0 0.0 0.0 0.0 0.0 0.0 0.0 0.0 0.0 0.0 0.0 0.0 0.0 0.0 0.0 0.0 0.0 0.0 0.0 0.0 0.0 0.0 0.0 0.0 0.0 0.0 0.0 0.0 0.0 0.0 0.0 0.0 0.0 0.0 0.0 0.0 0.0 0.0 0.0 0.0 0.0 0.0 0.0 0.0 0.0 0.0 0.0 0.0 0.0 0.0 0.0 0.0 0.0 0.0 0.0 0.0 0.0 0.0 0.0 0.0 0.0002706299822979425 0.00021901896064195414 0.00043964996415593626 0.007 0.023 0.34 0.007 0.023 0.34 0.007 0.023 0.34 0.007 0.023 0.34 0.007 0.023 0.34 0.007 0.023 0.34 0.007 0.023 0.34 0.007 0.023 0.34 0.007 0.023 0.34 0.007 0.023 0.34 0.007 0.023 0.34 0.007 0.023 0.34 0.007 0.023 0.34 0.007 0.023 0.34 0.007 0.023 0.34 0.007 0.023 0.34 0.007 0.023 0.34 0.007 0.023 0.34 0.007 0.023 0.34 0.007 0.023 0.34 0.007 0.023 0.34 0.007 0.023 0.34 0.007 0.023 0.34 0.007 0.023 0.34 0.007 0.023 0.34 0.007 0.023 0.34 0.020052863007330838 0.019457305970015673 0.021414857207830575 0.0 0.0 0.0 0.0 0.0 0.0 0.0 0.0 0.0 0.0 0.0 0.0 0.0 0.0 0.0 0.0 0.0 0.0 0.0 0.0 0.0 0.0 0.0 0.0 0.0 0.0 0.0 0.0 0.0 0.0 0.0 0.0 0.0 0.0 0.0 0.0 0.0 0.0 0.0 0.0 0.0 0.0 0.0 0.0 0.0 0.0 0.0 0.0 0.0 0.0 0.0 0.0 0.0 0.0 0.0 0.0 0.0 0.0 0.0 0.0 0.0 0.0 0.0 0.0 0.0 0.0 0.0 0.0 0.0 0.007 0.023 0.34 0.007 0.023 0.34 0.007 0.023 0.34 0.007 0.023 0.34 0.007 0.023 0.34 0.007 0.023 0.34 0.007 0.023 0.34 0.007 0.023 0.34 0.007 0.023 0.34 0.007 0.023 0.34 0.007 0.023 0.34 0.007 0.023 0.34 0.007 0.023 0.34 0.007 0.023 0.34 0.007 0.023 0.34 0.007 0.023 0.34 0.007 0.023 0.34 0.007 0.023 0.34 0.007 0.023 0.34 0.007 0.023 0.34 0.007 0.023 0.34 0.007 0.023 0.34 0.007 0.023 0.34 0.007 0.023 0.34 0.007 0.023 0.34 0.007 0.023 0.34 0.020425157198552073 0.018847351237975415 0.024033480890783283 0.0 0.0 0.0 0.0 0.0 0.0 0.0 0.0 0.0 0.0 0.0 0.0 0.0 0.0 0.0 0.0 0.0 0.0 0.0 0.0 0.0 0.0 0.0 0.0 0.0 0.0 0.0 0.0 0.0 0.0 0.0 0.0 0.0 0.0 0.0 0.0 0.0 0.0 0.0 0.0 0.0 0.0 0.0 0.0 0.0 0.0 0.0 0.0 0.0 0.0 0.0 0.0 0.0 0.0 0.0 0.0 0.0 0.0 0.0 0.0 0.0 0.0 0.0 0.0 0.0 0.0 0.0 0.0 0.0 0.007 0.023 0.34 0.007 0.023 0.34 0.007 0.023 0.34 0.007 0.023 0.34 0.007 0.023 0.34 0.007 0.023 0.34 0.007 0.023 0.34 0.007 0.023 0.34 0.007 0.023 0.34 0.007 0.023 0.34 0.007 0.023 0.34 0.007 0.023 0.34 0.007 0.023 0.34 0.007 0.023 0.34 0.007 0.023 0.34 0.007 0.023 0.34 0.007 0.023 0.34 0.007 0.023 0.34 0.007 0.023 0.34 0.007 0.023 0.34 0.007 0.023 0.34 0.007 0.023 0.34 0.007 0.023 0.34 0.007 0.023 0.34 0.007 0.023 0.34 0.007 0.023 0.34 0.020730532149228004 0.02054674966016454 0.02115082889424889 0.0 0.0 0.0 0.0 0.0 0.0 0.0 0.0 0.0 0.0 0.0 0.0 0.0 0.0 0.0 0.0 0.0 0.0 0.0 0.0 0.0 0.0 0.0 0.0 0.0 0.0 0.0 0.0 0.0 0.0 0.0 0.0 0.0 0.0 0.0 0.0 0.0 0.0 0.0 0.0 0.0 0.0 0.0 0.0 0.0 0.0 0.0 0.0 0.0 0.0 0.0 0.0 0.0 0.0 0.0 0.0 0.0 0.0 0.0 0.0 0.0 0.0 0.0 0.0 0.0 0.0 0.0 0.0 0.0 0.007 0.023 0.34 0.007 0.023 0.34 0.007 0.023 0.34 0.007 0.023 0.34 0.007 0.023 0.34 0.007 0.023 0.34 0.007 0.023 0.34 0.007 0.023 0.34 0.007 0.023 0.34 0.007 0.023 0.34 0.007 0.023 0.34 0.007 0.023 0.34 0.007 0.023 0.34 0.007 0.023 0.34 0.007 0.023 0.34 0.007 0.023 0.34 0.007 0.023 0.34 0.007 0.023 0.34 0.007 0.023 0.34 0.007 0.023 0.34 0.007 0.023 0.34 0.007547424913657018 0.016475493831504186 0.024585284128176565 0.007893431792004192 0.017036881259506094 0.025342311969324287 0.008271412768549178 0.017790888070009392 0.026437880957224907 0.008599799025791251 0.018798052474608456 0.02806161188742785 0.007 0.023 0.34 0.007 0.023 0.34 0.0 0.0 0.0 0.0 0.0 0.0 0.0 0.0 0.0 0.0 0.0 0.0 0.0 0.0 0.0 0.0 0.0 0.0 0.0 0.0 0.0 0.0 0.0 0.0 0.0 0.0 0.0 0.0 0.0 0.0 0.0 0.0 0.0 0.0 0.0 0.0 0.0 0.0 0.0 0.0 0.0 0.0 0.0 0.0 0.0 0.0 0.0 0.0 0.0 0.0 0.0 0.0 0.0 0.0 0.0 0.0 0.0 0.0 0.0 0.0 0.0 0.0 0.0 0.0 0.0 0.0 0.0 0.0 0.0 0.007 0.023 0.34 0.007 0.023 0.34 0.007 0.023 0.34 0.007 0.023 0.34 0.007 0.023 0.34 0.007 0.023 0.34 0.007 0.023 0.34 0.007 0.023 0.34 0.007 0.023 0.34 0.007 0.023 0.34 0.007 0.023 0.34 0.007 0.023 0.34 0.007 0.023 0.34 0.007 0.023 0.34 0.007 0.023 0.34 0.007 0.023 0.34 0.007 0.023 0.34 0.007 0.023 0.34 0.007 0.023 0.34 0.005480127028516455 0.012016527411874487 0.01795385124885318 0.00566952463903544 0.012300225659686841 0.018323207257635886 0.005935354832623758 0.01274582701219629 0.018932103317394488 0.006250711234144814 0.01330576063587239 0.019714198082664735 0.006596128638414382 0.013957398494863804 0.02064399056783534 0.006950652395690092 0.01468779434538335 0.021715808945737644 0.0072900789397946945 0.015498227072000948 0.02295407902484038 0.007606292088895937 0.01646972952412291 0.024520811966338086 0.0 0.0 0.0 0.0 0.0 0.0 0.0 0.0 0.0 0.0 0.0 0.0 0.0 0.0 0.0 0.0 0.0 0.0 0.0 0.0 0.0 0.0 0.0 0.0 0.0 0.0 0.0 0.0 0.0 0.0 0.0 0.0 0.0 0.0 0.0 0.0 0.0 0.0 0.0 0.0 0.0 0.0 0.0 0.0 0.0 0.0 0.0 0.0 0.0 0.0 0.0 0.0 0.0 0.0 0.0 0.0 0.0 0.0 0.0 0.0 0.0 0.0 0.0 0.0 0.0 0.0 0.0 0.0 0.0 0.007 0.023 0.34 0.007 0.023 0.34 0.007 0.023 0.34 0.007 0.023 0.34 0.007 0.023 0.34 0.007 0.023 0.34 0.007 0.023 0.34 0.007 0.023 0.34 0.007 0.023 0.34 0.007 0.023 0.34 0.007 0.023 0.34 0.007 0.023 0.34 0.007 0.023 0.34 0.007 0.023 0.34 0.007 0.023 0.34 0.007 0.023 0.34 0.007 0.023 0.34 0.007 0.023 0.34 0.007 0.023 0.34 0.004077600469501868 0.008918615834077534 0.013315940696926412 0.0042528053885928715 0.009237438844657424 0.013765218861414772 0.004472372387059546 0.009649460387866874 0.014352056035402508 0.004728074785671105 0.010140705344690967 0.015057255518185392 0.00501356775863025 0.010704506269551592 0.015873856813270044 0.0053224584089281305 0.01133855672887846 0.016803265416490697 0.005647969944349361 0.012046003651732237 0.01785764244567066 0.005985724967930329 0.012844115375433009 0.019073918089698782 0.0 0.0 0.0 0.0 0.0 0.0 0.0 0.0 0.0 0.0 0.0 0.0 0.0 0.0 0.0 0.0 0.0 0.0 0.0 0.0 0.0 0.0 0.0 0.0 0.0 0.0 0.0 0.0 0.0 0.0 0.0 0.0 0.0 0.0 0.0 0.0 0.0 0.0 0.0 0.0 0.0 0.0 0.0 0.0 0.0 0.0 0.0 0.0 0.008037366535232984 0.006547273528888979 0.012917244608132246 0.02335645329745518 0.015772394350468347 0.04819334790833595 0.028823556151227968 0.01891498566086099 0.06127295069496409 0.031997275968243324 0.020703350379274302 0.06898354434473042 0.03127786512216039 0.02015037959315683 0.06771906201947163 0.022925782880590953 0.01476503999522437 0.04965124907318601 0.007 0.023 0.34 0.007 0.023 0.34 0.007 0.023 0.34 0.007 0.023 0.34 0.007 0.023 0.34 0.007 0.023 0.34 0.007 0.023 0.34 0.007 0.023 0.34 0.007 0.023 0.34 0.007 0.023 0.34 0.007 0.023 0.34 0.007 0.023 0.34 0.007 0.023 0.34 0.007 0.023 0.34 0.007 0.023 0.34 0.007 0.023 0.34 0.007 0.023 0.34 0.007 0.023 0.34 0.007 0.023 0.34 0.007 0.023 0.34 0.0028460562428141694 0.006243770724874468 0.009330076642875842 0.0030000710788990782 0.006553119364271757 0.009780522375321975 0.003186332407073217 0.006930599483982272 0.010331695632306907 0.01238746772702091 0.023959497541496337 0.03447092346862343 0.021594177569484722 0.04504954269319264 0.0663551681577216 0.00391164907989272 0.00843264229983265 0.012539275804094552 0.004204180000434383 0.009061702233111167 0.013474021070579495 0.00452210265844027 0.009769730782290787 0.014536401383844546 0.004872415214726812 0.010587032609512879 0.01577789181141589 0.0 0.0 0.0 0.0 0.0 0.0 0.0 0.0 0.0 0.0 0.0 0.0 0.0 0.0 0.0 0.0 0.0 0.0 0.0 0.0 0.0 0.0 0.0 0.0 0.0 0.0 0.0 0.0 0.0 0.0 0.0 0.0 0.0 0.0 0.0 0.0 0.016242983927034334 0.012791619307937478 0.027545794190961474 0.03097750101954864 0.022701052286129043 0.058081890157500975 0.045353088543980805 0.03212711313736929 0.08866659119424986 0.058731647933188184 0.04055659883851411 0.11825278062313792 0.08033813015126384 0.053126619595063804 0.16945260362931167 0.08763059200831566 0.05705342983798463 0.18776717581296165 0.09126972553687726 0.05891809520760793 0.1972174823508554 0.0881206622452546 0.05675692613613277 0.19083318251848166 0.0697520989170119 0.04492313175676063 0.15106402501974703 0.01873523082455205 0.010075135946710053 0.010805370570653854 0.01857827914235099 0.009946050299645747 0.010673935209876712 0.018602600793741132 0.009853163999342702 0.010590932092810715 0.007 0.023 0.34 0.007 0.023 0.34 0.007 0.023 0.34 0.007 0.023 0.34 0.007 0.023 0.34 0.007 0.023 0.34 0.007 0.023 0.34 0.007 0.023 0.34 0.007 0.023 0.34 0.007 0.023 0.34 0.007 0.023 0.34 0.007 0.023 0.34 0.007 0.023 0.34 0.007 0.023 0.34 0.007 0.023 0.34 0.007 0.023 0.34 0.007 0.023 0.34 0.0017483529281968283 0.0038497282004035954 0.005758507461520566 0.0018882747759055216 0.004147101600229752 0.006198901606516566 0.00961339557659367 0.018587025140931013 0.026738200343142997 0.019730699907949185 0.041963589235906054 0.062158781701146616 0.030784714195074312 0.0670370507458519 0.09996677495569699 0.042389480657621666 0.09304906239823027 0.13906557371930717 0.05399495880739781 0.11877876885677266 0.17762498957418313 0.003243672071309035 0.007067629593624093 0.010541112369654887 0.0035676758549024975 0.007794180495995765 0.011633315995796988 0.0 0.0 0.0 0.0 0.0 0.0 0.0 0.0 0.0 0.0 0.0 0.0 0.0 0.0 0.0 0.0 0.0 0.0 0.0 0.0 0.0 0.0 0.0 0.0 0.0 0.0 0.0 0.008037366535225752 0.006547273528884375 0.01291724460811641 0.02698337412888817 0.019604589356752425 0.05114802013480026 0.04773618156602257 0.033994540826315645 0.09273842709422823 0.06980780821445777 0.04925359888740338 0.13712040881981785 0.09236212816122281 0.06460792486848933 0.18325385606168346 0.11427611252463002 0.07905400202739488 0.22962435183917146 0.13433231661960976 0.09157966981012537 0.2743421702567898 0.16516860199476377 0.1086961209272766 0.3501092875158588 0.17465915876977217 0.11336010860735077 0.3754062863004777 0.17766790615459258 0.11454711075386154 0.38438103352892367 0.166687013927667 0.10735273461456302 0.36099974968213033 0.11326163327016107 0.07306568613448208 0.24489859835335548 0.014520992631672542 0.007822322164027892 0.00838716598835824 0.014380445349206518 0.007726942598147228 0.00828797780017027 0.014326112790005476 0.0076578626169509145 0.008220141347862125 0.014396810669634573 0.007637864768965464 0.008207791125160478 0.014710148818862442 0.007730089620967793 0.00831866064419314 0.007 0.023 0.34 0.007 0.023 0.34 0.007 0.023 0.34 0.007 0.023 0.34 0.007 0.023 0.34 0.007 0.023 0.34 0.007 0.023 0.34 0.007 0.023 0.34 0.007 0.023 0.34 0.007 0.023 0.34 0.007 0.023 0.34 0.007 0.023 0.34 0.007 0.023 0.34 0.007 0.023 0.34 0.007 0.023 0.34 0.0007564222848580235 0.0016682533284712354 0.002496512901481137 0.005181323164262171 0.008765110423431352 0.012020435108666476 0.015569201081073925 0.03299060337977309 0.04881529297574949 0.02734084516967031 0.05983243640297227 0.08934609649362664 0.040241067854155196 0.08889375882077262 0.13308731565133697 0.05391362470247199 0.11948247082684067 0.1790417772072433 0.06780958492158828 0.15040656073959172 0.22543332847480843 0.08108235757655124 0.17969135709800477 0.26926260871380064 0.09254476538244046 0.20424258891893596 0.30570304288842903 0.002754335155751422 0.0060664614707165035 0.00907502357945681 0.0 0.0 0.0 0.0 0.0 0.0 0.0 0.0 0.0 0.0 0.0 0.0 0.0 0.0 0.0 0.0 0.0 0.0 0.007036992242002661 0.005019650516863167 0.013643547408788204 0.028740568465549676 0.01962133601034407 0.058604974452537886 0.05374486914547261 0.03675478503805044 0.10938538187826177 0.08230682261908957 0.056625261331030075 0.16641089348840005 0.11427611252462998 0.07905400202739483 0.22962435183917138 0.1488843248942523 0.10328471191080077 0.2982176554872195 0.1846052397162717 0.12787131329835721 0.3704021277880667 0.2192245446849749 0.1507903412278256 0.4433384539947229 0.25027016374053995 0.16993718768157273 0.5133511437410557 0.2948995439225587 0.19320370036200524 0.6279413842528735 0.30650100343804065 0.1982594553205009 0.6609792507599469 0.30399299663926344 0.19581738006412988 0.6582553259703257 0.26363864324217506 0.16979343221303253 0.5709705920520824 0.011136593514567587 0.005951657886550425 0.006388860893204021 0.01094932156793492 0.005851653967542701 0.006281498378680435 0.010829216114114642 0.005778595319815073 0.006204472660471545 0.010780906584550307 0.005735981507553709 0.006161378575182981 0.010818931344532105 0.005732231393865757 0.006161150993244949 0.010976788623656735 0.005785438094310424 0.006223182016869192 0.011345114482716752 0.005943214621249777 0.006398712438486552 0.007 0.023 0.34 0.007 0.023 0.34 0.007 0.023 0.34 0.007 0.023 0.34 0.007 0.023 0.34 0.007 0.023 0.34 0.007 0.023 0.34 0.007 0.023 0.34 0.007 0.023 0.34 0.007 0.023 0.34 0.007 0.023 0.34 0.007 0.023 0.34 0.007 0.023 0.34 0.007 0.023 0.34 0.0 0.0 0.0 0.00970355584130627 0.019740110533630135 0.02885679126322473 0.02147966827955842 0.04680627322227089 0.06981163495301246 0.03483715024015844 0.0770151054807434 0.11532735142004306 0.04953560458391782 0.10998356824976561 0.16489133315410556 0.06525139727452361 0.14508549361137424 0.21760260630099226 0.08144216787053006 0.18115220501274307 0.27172358154863857 0.09720937195809419 0.21614294449609267 0.3241759739666826 0.11119699956781091 0.2467384354060918 0.3698571782465522 0.12194660568043818 0.26816092711789574 0.40097436036298256 0.13003695428910864 0.2750470627945215 0.40676665206939655 0.0 0.0 0.0 0.0 0.0 0.0 0.0 0.0 0.0 0.0 0.0 0.0 0.021626140126972143 0.014085380167786994 0.046321235682188204 0.0486652951810302 0.03188409694102656 0.10362173144354912 0.08033813015126373 0.05312661959506374 0.16945260362931147 0.11768437699286352 0.07869963505535088 0.24535478853668166 0.16150468939782847 0.10926319244064407 0.3325894031784016 0.21194121053060053 0.1448510309363207 0.43165360090834415 0.2679311505072659 0.18436082702925669 0.5416140597949344 0.3266974177734108 0.22510833989245332 0.6593896131509738 0.38367481762754574 0.26286032197457204 0.7793279786821269 0.4334862081612441 0.29298708287920483 0.893604199324453 0.49874410585563445 0.3245150570797655 1.069323600668173 0.5088179213090508 0.3280255482226683 1.1008915257186707 0.4743624305909435 0.30550669948041115 1.0273449465960098 0.1759907964254409 0.11703575809522654 0.1220069519276184 0.14918296698204658 0.09908374150863494 0.10330819742851845 0.11462220845368289 0.07958766393229114 0.08254183912372923 0.06335234019436109 0.05325268013253973 0.054104301456698034 0.0076838628095597765 0.004062459929896144 0.004367823070517895 0.007708532367230831 0.004065898337210523 0.004373051726243555 0.007819665182008896 0.004112300627377222 0.004424912209532158 0.008054258768996847 0.004220921542794372 0.004544155364976616 0.008517521402316097 0.004446279541839504 0.004789573906497805 0.007 0.023 0.34 0.007 0.023 0.34 0.007 0.023 0.34 0.007 0.023 0.34 0.007 0.023 0.34 0.007 0.023 0.34 0.007 0.023 0.34 0.007 0.023 0.34 0.007 0.023 0.34 0.007 0.023 0.34 0.007 0.023 0.34 0.007 0.023 0.34 0.007 0.023 0.34 0.003681984385760872 0.005625357784028216 0.00739061641644926 0.014797095671912314 0.03160815114034681 0.04687843363583696 0.02776439517087714 0.06116340789967207 0.09150132216072494 0.04244873083406966 0.094215061121055 0.14123688486801614 0.05867741994388313 0.13052526987180668 0.19578809451437765 0.0761558118500514 0.1695239391695459 0.25433465690946794 0.09434447285332316 0.21004874961730133 0.31514845590521684 0.11247586461414283 0.2503661906521779 0.37561854235309805 0.1289092710221781 0.28662194200009083 0.4298798738695696 0.14192885986924347 0.3135212518182896 0.4693867954219484 0.1531818299254208 0.32657004782852506 0.4840668256924413 0.0 0.0 0.0 0.0 0.0 0.0 0.0014688868204443299 0.0009460263712102495 0.0031811928513704327 0.031277865122160395 0.020150379593156843 0.06771906201947166 0.06508318344763298 0.04199773166877995 0.14068530322067938 0.10443844552485294 0.06766946248577144 0.22485250916471394 0.1512282450773452 0.09869325214717822 0.3232741234006309 0.20763630134058925 0.13688609443520364 0.43933484757950214 0.2757899550825749 0.1840062724350663 0.5763706426602204 0.3569597652005844 0.24099086788779867 0.7367441657216359 0.4501985742312933 0.3066803311623404 0.9202038184888626 0.5506009753839781 0.37624704687885585 1.1215894365160273 0.6482803920392393 0.4404897141065974 1.3287702464841238 0.7306854995840163 0.48872700901503613 1.5230708927457008 0.8233875826838297 0.5314215469774758 1.779541762059824 0.792793770343286 0.5105881378178326 1.7169837855615053 0.3840646685698657 0.22508978933824084 0.23849483429326157 0.3729315506742178 0.2124522566878713 0.2259841565744102 0.3289903592384643 0.1859944292389193 0.19805210073578539 0.26650457455459675 0.15216349383947494 0.1618049374096799 0.1865833974582794 0.1109199074895463 0.11729998772226562 0.1049164274072685 0.07028942130055742 0.0732092321270336 0.004933089434588464 0.0025910676040101074 0.002788551055963549 0.00501605423115853 0.002630206129953608 0.0028313850911019585 0.0051897328450916744 0.002715810876314388 0.0029244163828381874 0.005503922483707979 0.0028735921105221053 0.003095386252272891 0.006135422007406902 0.003194970379848922 0.003442914498102024 0.007 0.023 0.34 0.007 0.023 0.34 0.007 0.023 0.34 0.007 0.023 0.34 0.007 0.023 0.34 0.007 0.023 0.34 0.007 0.023 0.34 0.007 0.023 0.34 0.007 0.023 0.34 0.007 0.023 0.34 0.007 0.023 0.34 0.007 0.023 0.34 0.007187178493451145 0.013871598725957165 0.019943376043008762 0.019317393214615 0.04196317322943568 0.0625334139740663 0.033439724556791076 0.0739854749732626 0.11081511151890981 0.04945565563253358 0.10993423786431102 0.1648698150706346 0.06722549440318995 0.14963630660674757 0.2244939730628503 0.08647598516393627 0.19256210196215806 0.288925175381323 0.10666218770023811 0.2375340372394089 0.35641117240339876 0.12677171635195486 0.2822894573640812 0.4235536297876815 0.1451277454248184 0.3229065189313743 0.48439144759895375 0.1600131467218055 0.3538136958503345 0.529851966530631 0.17611393993498534 0.3731789614261188 0.5521825078601772 0.20862141436548579 0.38244574615193017 0.540338667030859 0.007 0.023 0.34 0.022711323503436902 0.014628334976801459 0.0491821533823059 0.06832652180153427 0.04400477473498182 0.147977362184897 0.11883421098926615 0.07654161842340068 0.2573374414786142 0.17766790615459266 0.1145471107538616 0.3843810335289239 0.24817434699767915 0.1604855384661008 0.5353448069421928 0.3344872125689686 0.2175798752117104 0.7173448930639914 0.44139793140265193 0.28964604316196685 0.9383673882043431 0.5731941080392872 0.3800020297246497 1.2058752781486055 0.7306854995840164 0.4887270090150362 1.5230708927457008 0.9057871148453926 0.6078028831664148 1.8816501730901454 1.0762295655052219 0.7170430968963373 2.25252269941311 1.2124896722355276 0.793546441015775 2.5844791246488534 1.253817614537365 0.8075044420495388 2.715440382241736 0.628407415678187 0.35986757057010166 0.3825113285857522 0.6650838049628358 0.3667902089274279 0.39194285621344005 0.6440948131487672 0.348975829647885 0.3738607879509221 0.5728026559380796 0.30846922510252606 0.33075829077498836 0.47002548303015995 0.2537932545751516 0.27202634119344976 0.3490992925797101 0.19119435292717818 0.20450917867130078 0.2284399071491818 0.13006452355904938 0.13835971111237197 0.11898407805732338 0.07620846972749604 0.07981538520628839 0.0024743697321554154 0.0012951557380334506 0.0013945891622272394 0.0026094876193245168 0.0013640793734432182 0.0014690944148389611 0.002848868282986597 0.0014869147304884648 0.0016017570797082262 0.0032782175448294293 0.0017079888322200404 0.0018403933138836182 0.007 0.023 0.34 0.007 0.023 0.34 0.007 0.023 0.34 0.007 0.023 0.34 0.007 0.023 0.34 0.007 0.023 0.34 0.007 0.023 0.34 0.007 0.023 0.34 0.007 0.023 0.34 0.007 0.023 0.34 0.007 0.023 0.34 0.007 0.023 0.34 0.010057095503977957 0.020452653401457816 0.029895433843816537 0.02301940755419129 0.050327855297819864 0.07513341925194152 0.03810480600248146 0.0844479614469488 0.12654365714542531 0.055241518958277565 0.12286302857647549 0.1842868669892545 0.07431027170444152 0.1654408358001958 0.248219068275157 0.09504325940946069 0.21166006621780922 0.3175886670144201 0.11686992525068554 0.260283392047889 0.39055267560137596 0.13869517031227863 0.30886160577525557 0.46343188517557865 0.1586985924884388 0.35310229929780523 0.5296884468317001 0.17569364096263015 0.38752837896032616 0.5799479624693318 0.2018862433609604 0.41685923048688095 0.6121294351730754 0.25685198528448183 0.4449279631428362 0.6157663330420504 0.007 0.023 0.34 0.007 0.023 0.34 0.08334363506075068 0.053775568605168134 0.1801755499414483 0.169792593233606 0.10935269873069978 0.36772608775870325 0.26241142162875275 0.16900284642239652 0.5683134398448076 0.37284258075630716 0.2401593968384151 0.8073642898622312 0.5088179213090529 0.32802554822266966 1.100891525718675 0.6790030890989959 0.43868572495617814 1.466013987629949 0.892196835894072 0.5783524948155219 1.9199998735651074 1.1520589816372864 0.7489936304458125 2.472050257920501 1.444222047790969 0.9381550843574122 3.101531402149488 1.7223668128075926 1.11209544009388 3.7209332630525545 1.895432425195547 1.2207278362420129 4.105010025587798 0.8574507047564324 0.5026057213232412 0.5325268823140605 0.9890239651142888 0.5483884368657296 0.5855436093904727 1.0396666426416743 0.5602938721820203 0.6007154379619939 1.0015067278578824 0.5325948168863734 0.572134304363256 0.8884839619065232 0.47014894800286716 0.5054237014402779 0.7286183791784128 0.38574219450288244 0.4146541250657278 0.5508899339727975 0.29353496689881914 0.31523559607808804 0.3786590778940261 0.20540839717925594 0.22001720314089263 0.22612191741432178 0.12885159016123307 0.13705359739608333 0.10013346037523237 0.06777587756743736 0.07050432657944965 0.0002443452935612145 0.0001296454415410896 0.00013931713734671302 0.0004368455657856579 0.00022941987178454055 0.0002469103757330299 0.0007700975573922582 0.00040220962133772785 0.0004332305873234012 0.0015050208350828812 0.0007833213909836107 0.0008441763734747037 0.007 0.023 0.34 0.007 0.023 0.34 0.007 0.023 0.34 0.007 0.023 0.34 0.007 0.023 0.34 0.007 0.023 0.34 0.007 0.023 0.34 0.007 0.023 0.34 0.007 0.023 0.34 0.007 0.023 0.34 0.007 0.023 0.34 0.012093291404501808 0.024951624354148865 0.0366314606934471 0.025666668063898283 0.05619877293342121 0.08393253821752103 0.041472532135094865 0.0919321211848607 0.13776696961796867 0.05945178229026452 0.13222954063164513 0.19833704538339095 0.07948709632086717 0.17696343939696219 0.26550584520807674 0.10129240485538592 0.2255718583615577 0.33846080617258434 0.12424192007627782 0.27669219424592945 0.41517004041428146 0.14712948295994227 0.3276076294995201 0.49154452728066017 0.1680794072512869 0.37366126541246686 0.5604010603030102 0.18810187841556655 0.4109888099554332 0.6134476273424467 0.23513546115269213 0.458862937818567 0.662085262383845 0.3078764189568339 0.4962073551636015 0.6672773158759069 0.007 0.023 0.34 0.007 0.023 0.34 0.007 0.023 0.34 0.007 0.023 0.34 0.00809323695004369 0.008595457541134617 0.004668827353478247 0.4416377096751667 0.28457549207408755 0.9559978660475108 0.6630769949620694 0.4270520387719604 1.4360307659451559 0.9304572408280963 0.5992486021319963 2.0151262961466347 1.253817614537365 0.8075044420495388 2.715440382241736 1.6073202220468965 1.035210457062777 3.48091192776693 1.867091077888806 1.2133569265359643 4.007992979387738 0.35109517058205614 0.3509284014304865 0.35094246370236687 0.6840333244992775 0.5000768738224113 0.5155884093744942 1.2602553125316227 0.7290682948694778 0.7738589302560271 1.4486337710695993 0.7970288554247595 0.8519733424364784 1.5144323943606899 0.81079726498948 0.8701290322897097 1.448441387614915 0.7654349633677399 0.8230272815116746 1.275241779419707 0.6705052915920253 0.7214977492963668 1.0399039235272296 0.5464746910246172 0.5880815227189612 0.7876334786939535 0.4153477469352487 0.44673954288728146 0.5507498648742419 0.2934586540026415 0.3151539071453746 0.3466456801075104 0.1899069532986579 0.20312344189874743 0.1816192660717722 0.10830657211217955 0.11448842903858203 0.05562345669320714 0.04915955363676623 0.04970460145485729 0.0 0.0 0.0 0.0 0.0 0.0 0.0 0.0 0.0 0.007 0.023 0.34 0.007 0.023 0.34 0.007 0.023 0.34 0.007 0.023 0.34 0.007 0.023 0.34 0.007 0.023 0.34 0.007 0.023 0.34 0.007 0.023 0.34 0.007 0.023 0.34 0.007 0.023 0.34 0.007 0.023 0.34 0.01311585353356923 0.02693591196619787 0.03948932937456197 0.027033343513563016 0.05904777208252495 0.08812800259497974 0.043256715523154604 0.09578074619488189 0.14349082529521304 0.06172152543104652 0.13720490094768148 0.20577004666482418 0.08228814839767147 0.18314758957839958 0.2747630245556309 0.10462124822033116 0.23293950931259094 0.3494970984471975 0.1280046683902833 0.28500740978232786 0.4276204787906692 0.15111692215438563 0.3362899625992194 0.5044914561610482 0.1724300495280711 0.3820551923217068 0.5724676952503149 0.1987197091570636 0.42340174521975976 0.6274911415566797 0.2721052188047043 0.49192118694717557 0.6915905019915438 0.3194080422855359 0.48289007887047924 0.6313886003510353 0.007 0.023 0.34 0.007 0.023 0.34 0.007 0.023 0.34 0.006464102942362732 0.006865352053795049 0.0037281710985140374 0.006366909347189809 0.0067618860211169935 0.0036737463494765834 0.0034177621765218765 0.017564993182426207 0.0019405013704182704 0.1883387543628156 0.21444145291807146 0.18561309776661503 0.20738151448537312 0.2954895443058863 0.19818123076182817 0.2286468570379525 0.3764009375999165 0.21321830341746179 0.2512306774609938 0.4520324819493281 0.230262854468516 0.27312406280450885 0.5149924064876056 0.24786805163093606 0.4846029171880731 0.44948020164460223 0.4524418115736568 0.9278373049942517 0.6677988935279111 0.6897257955176251 1.746297564290992 1.0261295688526697 1.0868554168651234 2.00613296297687 1.1190029927613447 1.193807371850438 2.079638692028716 1.1209573172833673 1.2017950382372447 1.9673905602301498 1.0411535590389538 1.1192555126305095 1.7128186876219609 0.8997386585405426 0.968299014708423 1.3822791539927426 0.7248786965452134 0.7803118739637389 1.0399039235272296 0.5464746910246172 0.5880815227189612 0.7283900826983911 0.38561978178693695 0.4145227840422139 0.4674791551954173 0.2524568757066573 0.2705879372731722 0.2614418451786205 0.14949682263643346 0.15893622631405743 0.10678626810966849 0.07543400513815815 0.0780776837910753 0.0 0.0 0.0 0.0 0.0 0.0 0.0 0.0 0.0 0.007 0.023 0.34 0.007 0.023 0.34 0.007 0.023 0.34 0.007 0.023 0.34 0.007 0.023 0.34 0.007 0.023 0.34 0.007 0.023 0.34 0.007 0.023 0.34 0.007 0.023 0.34 0.007 0.023 0.34 0.007 0.023 0.34 0.012970777333081333 0.02595106772847355 0.03774168382532204 0.0269148287794926 0.05832326170134372 0.08685303750024438 0.04318574442760343 0.09530601534914925 0.14264934023484135 0.06169321253811053 0.1369187437835944 0.20524967726654902 0.08224724325209783 0.18288221972188431 0.2742937627095387 0.10443020180838929 0.23233911397317655 0.3485248719771637 0.1274162476479005 0.28341826586067614 0.42512233033471486 0.14989633935575075 0.3327402110374494 0.49882600965915225 0.1718201214431909 0.37645462319608414 0.5623338891325939 0.20811686071188154 0.4226016695411974 0.6174284386256643 0.28768491259586604 0.48578771891343164 0.6657339347413842 0.007 0.023 0.34 0.007 0.023 0.34 0.007 0.023 0.34 0.007 0.023 0.34 0.004834257929767592 0.005134311214655111 0.002788333556141541 0.0028318755110657294 0.014574537547922194 0.001605700977043556 0.18014591210144945 0.21806337757121372 0.17618655174450804 0.1998041927166075 0.31357488514399334 0.18792420116659309 0.22410677656395003 0.4174213106045079 0.20392077802691386 0.2528549870806233 0.5253547073989887 0.2244004325227377 0.28459808643277473 0.6295848935985793 0.2485743946844623 0.3164286157915986 0.7193987064378345 0.27435028111994036 0.5619872924674346 0.5213734686400874 0.5247980985994387 1.1504448732179273 0.8426131991561981 0.8685701141689437 2.3097844251280506 1.4238022183756431 1.4985098160053312 2.67990005205298 1.571516881147213 1.6649777241759558 2.72889716952135 1.5219262494525665 1.623700187077966 2.5153943352794346 1.350111810980224 1.448370508826264 2.1509240826036873 1.135210199161998 1.220857002825466 1.7128186876219609 0.8997386585405426 0.968299014708423 1.2752417794197073 0.6705052915920254 0.7214977492963669 0.8884839619065232 0.47014894800286716 0.505423701440278 0.5728026559380793 0.308469225102526 0.33075829077498825 0.32899035923846387 0.18599442923891907 0.19805210073578516 0.14918296698204658 0.09908374150863494 0.10330819742851845 0.0 0.0 0.0 0.0 0.0 0.0 0.0 0.0 0.0 0.007 0.023 0.34 0.007 0.023 0.34 0.007 0.023 0.34 0.007 0.023 0.34 0.007 0.023 0.34 0.007 0.023 0.34 0.007 0.023 0.34 0.007 0.023 0.34 0.007 0.023 0.34 0.007 0.023 0.34 0.007 0.023 0.34 0.01153990594085002 0.02148974800453722 0.03052766352288766 0.025148328579620717 0.053439170750836505 0.0791370903609977 0.04103317429519508 0.0897937884767308 0.134085377104449 0.05906010477815871 0.13047953524908254 0.19535320609061857 0.078964660540753 0.17504490677269435 0.2623191713156228 0.10023223056559427 0.22236754864656413 0.33330887611258037 0.12199087990771268 0.2702477741198293 0.40491657351638755 0.1434012167051023 0.31528830619200604 0.47142153760754907 0.1673644803670183 0.355662263240751 0.5267021092013643 0.2111945051143839 0.3994459814465038 0.570443764969506 0.2545273639266083 0.39537201739462546 0.523307925432904 0.007 0.023 0.34 0.007 0.023 0.34 0.007 0.023 0.34 0.0033913605981405375 0.0036018893285621203 0.0019558626962277855 0.002299936528969716 0.011854096157075396 0.0013022864907419195 0.16832751487840075 0.19488673730666695 0.16555418783528603 0.1865372244051541 0.29705586510298115 0.17499681369307848 0.21097558187714105 0.4149946615658526 0.18967180942897238 0.2425200043317047 0.5472529442866287 0.21069964115701315 0.2811318944415982 0.6884077817376623 0.23860394637017376 0.32549184529957526 0.8287738712483852 0.27293888910339065 0.37203771195672364 0.9541518737557378 0.3112530654386422 0.411669912725093 1.0351444830001202 0.34656639205131645 1.2798330706729772 0.9749028854764041 1.0006151417804159 2.8954889657293714 1.9204260551428258 2.0026450963747555 3.5477698220387874 2.297565794557055 2.4029852247987527 3.579139134764107 2.1978165077166247 2.3142920917991905 3.069373851225178 1.7290842071164954 1.8420998169968992 2.5153943352794346 1.350111810980224 1.448370508826264 1.967390560230149 1.0411535590389533 1.119255512630509 1.4484413876149147 0.7654349633677399 0.8230272815116746 1.0015067278578822 0.5325948168863733 0.5721343043632559 0.6440948131487664 0.34897582964788465 0.3738607879509217 0.37293155067421785 0.21245225668787132 0.22598415657441023 0.17599079642544102 0.11703575809522662 0.12200695192761848 0.0 0.0 0.0 0.0 0.0 0.0 0.0 0.0 0.0 0.007 0.023 0.34 0.007 0.023 0.34 0.007 0.023 0.34 0.007 0.023 0.34 0.007 0.023 0.34 0.007 0.023 0.34 0.007 0.023 0.34 0.007 0.023 0.34 0.007 0.023 0.34 0.007 0.023 0.34 0.007 0.023 0.34 0.008726635394442137 0.0128455612129687 0.01658697774359453 0.021631318819817433 0.04369253333474539 0.06373178538938921 0.03666321352497822 0.07846006795557456 0.1164261418749964 0.05364420285066422 0.11696411071994507 0.1744805993525514 0.07223667310924865 0.15853223107838216 0.23691859716758576 0.09187929036276789 0.20173981729470253 0.30153136723658547 0.11189530996995596 0.24414525311564672 0.3642741763494757 0.13261288809890565 0.28270240040338657 0.4190358541120607 0.1592874407890826 0.3159870543729646 0.45832477795331833 0.19516361998678827 0.3282859426539283 0.44920728976386803 0.0701576349527273 0.09142673538375878 0.09922177578586747 0.007 0.023 0.34 0.007 0.023 0.34 0.007 0.023 0.34 0.0018169932816297174 0.009371808617839726 0.0010281157557820312 0.001761160537109575 0.0090731274813025 0.0009976413595635739 0.17051022635222912 0.2521933124266624 0.16198083840846916 0.1920918294086702 0.3725416667063603 0.17324916882043234 0.22210853941823794 0.5150896923069053 0.1915153036176177 0.2618407504711161 0.6783004910134222 0.21835381993563077 0.3122030352032772 0.8566755676314924 0.25534894610128317 0.37317081245912687 1.0397867381592727 0.3035624502750141 0.4416974114207087 1.2108101811433312 0.3613862784710286 0.5060296779619934 1.335950669558379 0.4193689206352552 1.224760452679565 0.9883540277473462 1.0082882385433478 3.2049009957958896 2.266384860665549 2.3455222127002964 4.247009975923876 3.002332649831758 3.1072860587690916 4.487735454138177 3.082017654929202 3.200550283376832 3.5791391347641066 2.1978165077166243 2.31429209179919 2.7288971695213498 1.5219262494525667 1.623700187077966 2.0796386920287144 1.1209573172833662 1.2017950382372438 1.5144323943606897 0.8107972649894798 0.8701290322897095 1.0396666426416739 0.5602938721820201 0.6007154379619937 0.665083804962835 0.3667902089274275 0.39194285621343955 0.38406466856986565 0.22508978933824078 0.23849483429326152 0.1821436090082335 0.1274884940062227 0.13209711064531016 0.0 0.0 0.0 0.0 0.0 0.0 0.1232103932553781 0.13442507000051776 0.10708918953040857 0.06214091484459493 0.06574593005821842 0.05695867143168281 0.014332301371630793 0.016419106859717838 0.01133249877612435 0.014331274129243657 0.016430868777933646 0.01131308699459829 0.007 0.023 0.34 0.007 0.023 0.34 0.007 0.023 0.34 0.007 0.023 0.34 0.007 0.023 0.34 0.007 0.023 0.34 0.007 0.023 0.34 0.007 0.023 0.34 0.0 0.0 0.0 0.016230826057611124 0.02777986729484223 0.03827041160217162 0.030017764581929708 0.060104411561994656 0.08743354622521286 0.04544725597382443 0.0951309178169218 0.14026095460604862 0.062177297853134805 0.13197986198265602 0.1953848561050516 0.07974737909482031 0.16890467632753514 0.24989049651201398 0.09797004245036554 0.20309963017870158 0.29859384267835265 0.11799379985840627 0.23012020112083512 0.3319699526545748 0.13586214699341287 0.22455995750043456 0.30512840400380004 0.03147060099648588 0.06585741332296788 0.07846004276909048 0.036859123657584654 0.09083035891888835 0.11061060118996086 0.08266950041257295 0.14443217535030087 0.16706794915949652 0.007 0.023 0.34 0.007 0.023 0.34 0.001299084020983601 0.006699381537978247 0.0007351823034089496 0.1547977575668761 0.18951625663865346 0.1511724348514927 0.17145819136681661 0.30178390368665386 0.15784951651325133 0.19646761637461949 0.43981483650004083 0.17105718019700142 0.23179399420876445 0.6058285477543569 0.19273712252477485 0.279527699609545 0.7989804096740538 0.2252861926402774 0.3423777529167674 1.0147831844116173 0.2721648476956705 0.4224220698248887 1.2378788755929944 0.33727166988239066 0.5244350739646808 1.4716271976105693 0.42552880746432215 0.6313230536284657 1.6593769126983176 0.5239731650224464 0.709603913044474 1.7672602769870323 0.5991629163486321 2.9022448602886914 2.135022204899075 2.1997157856441403 3.9035214004212015 2.8353844451371764 2.9254516555851837 4.247009975923875 3.0023326498317573 3.1072860587690903 3.5477698220387905 2.297565794557057 2.402985224798755 2.6799000520529814 1.5715168811472136 1.6649777241759562 2.00613296297687 1.1190029927613445 1.193807371850438 1.448633771069599 0.7970288554247594 0.851973342436478 0.989023965114288 0.5483884368657291 0.5855436093904723 0.6284074156781868 0.3598675705701015 0.38251132858575204 0.3588296921255971 0.22344619608010347 0.23486197358802996 0.1660568849468846 0.1307369061056357 0.13371514962728975 0.41986750233348114 0.47454802872484436 0.3412637292799442 0.33846519074877535 0.38443763279487564 0.27237937117481975 0.2399203775352984 0.27264606614468356 0.19287689112001144 0.14824008772641453 0.16789822945019922 0.11998132336026338 0.0686241589321584 0.0765661892505665 0.05720741535027756 0.011470765260976137 0.013134952461835513 0.009078480444281082 0.011355223232829902 0.013011554726238883 0.008974231069778783 0.01141841064067964 0.013091391444270009 0.00901348493701794 0.007 0.023 0.34 0.007 0.023 0.34 0.007 0.023 0.34 0.007 0.023 0.34 0.007 0.023 0.34 0.007 0.023 0.34 0.007 0.023 0.34 0.0 0.0 0.0 0.020200236852076642 0.030044177631079007 0.03898589796782355 0.033921908153457664 0.060673942441436556 0.08497408954841162 0.048357214813053676 0.09040231470660895 0.12859388180548786 0.06301881300011422 0.11611184834015546 0.1643387814858927 0.07467345136795733 0.12394392132883307 0.16869863624847858 0.0 0.0 0.0 0.03392604664642955 0.05162294426610916 0.058108786598026416 0.021630946507281992 0.06790651169427768 0.08486632160409208 0.02684114039736174 0.0945109654105131 0.11931168614111515 0.08916369819970832 0.16711988657113266 0.19569051840956525 0.1910716694235783 0.24961089341131074 0.27106528531529095 0.0008774594694628907 0.0045263791919902905 0.0004964374808872823 0.0008305159322066842 0.0042831417851712135 0.00046999104584582167 0.1528020557598557 0.2176586628320987 0.14602969701313698 0.1709719983724824 0.3401241859133207 0.15330904391754496 0.19862795160172184 0.492504369384528 0.167941231801396 0.23799447164143717 0.6774881969185224 0.1921023211132284 0.29201957954841834 0.8951371701551791 0.22904174468425542 0.3648687721562968 1.1385775020468785 0.2840777267898544 0.46705877214623603 1.4111947872768218 0.3684716259972007 0.6094222154164745 1.701001432575312 0.49543897773603984 0.7854330503500575 1.9791436922021306 0.6607851991697887 0.9237409848517799 2.1549586802125313 0.7951766287330058 2.159962337039144 1.6559421650279513 1.6984420436043852 2.9022448602886914 2.135022204899075 2.1997157856441403 3.2049009957958896 2.266384860665549 2.3455222127002964 2.8954889657293714 1.9204260551428258 2.0026450963747555 2.30978442512805 1.423802218375643 1.498509816005331 1.7462975642909915 1.0261295688526695 1.086855416865123 1.260255312531622 0.7290682948694771 0.7738589302560266 0.8574507047564323 0.5026057213232413 0.5325268823140606 0.5397360773169839 0.33278142700133895 0.35023221170732877 0.8239803363772579 0.9245660795756322 0.6793873806657854 0.7228061948535289 0.8222513472906409 0.57985284913234 0.5923002462878668 0.6768732000157929 0.4707258266541304 0.4624369143943419 0.529139945636547 0.3665506770853058 0.3294164499626104 0.37694676034239 0.26109117994753456 0.21287858597344372 0.24335601497843443 0.16906699397051875 0.11564065543492255 0.13172900835600235 0.09251349618333375 0.037026890159206634 0.04129712700560338 0.030888384367279243 0.008979275113787499 0.010287051576999174 0.00709933409816325 0.008901989172531702 0.010202831237320732 0.0070320164201237816 0.008942999492396837 0.010253357765231438 0.007059347101058766 0.007 0.023 0.34 0.007 0.023 0.34 0.007 0.023 0.34 0.007 0.023 0.34 0.007 0.023 0.34 0.007 0.023 0.34 0.007 0.023 0.34 0.005150635408220243 0.005365343079759722 0.0016216004132810046 0.0067321062426072996 0.007012746470923865 0.002119373126851869 0.007825800959438963 0.008152033780437945 0.0024636868181588884 0.00868987541546388 0.009052126184435993 0.002735753555355252 0.00938099116801779 0.009772045637176046 0.0029534383158454636 0.0 0.0 0.0 0.03392604664642955 0.05162294426610916 0.058108786598026416 0.021630946507281992 0.06790651169427768 0.08486632160409208 0.026841140397361726 0.09451096541051307 0.11931168614111512 0.08902021128502438 0.16614857521857235 0.19441581270518343 0.19087710952376238 0.24828822048350044 0.26932916346612756 0.00041775409917189254 0.0021549562306212365 0.0002363545998636026 0.00039368600998160416 0.0020305038768570257 0.00022276868485585926 0.1496809912433825 0.2346560289346189 0.14080785609587199 0.16860010147198465 0.363512067541552 0.14824729829834607 0.1975476883753048 0.5246822152114924 0.1633881405021797 0.23883368577226427 0.7211209694218789 0.18847301087267426 0.29546785264818465 0.9514500227916626 0.22696987243910255 0.3747194154727741 1.2180686859584609 0.28665647067286093 0.4902488945730188 1.518449072636214 0.38288372726589076 0.6675224742637282 1.856920227790378 0.5433249769994726 0.9175257358259445 2.2199137361257377 0.7815297415299886 1.1327915475368737 2.4784115008665712 0.992281251484218 1.288329630173184 1.079376355394248 1.0969956676745822 1.8635282184331885 1.4374377491490822 1.4733664563968314 2.140490840042755 1.5633045534946848 1.6119739291595363 2.0625421732029223 1.4279022242576984 1.4814161950622782 1.746055210802854 1.147972005760463 1.1984034468106868 1.3583823902166587 0.8624311518706538 0.9042506435894677 0.9890008970163032 0.6235626163677199 0.6543770230466668 0.6711036782486668 0.4358045014219636 0.45564534708567184 1.2156128963286812 1.3534752886291685 1.0174344055174291 1.0675542158452773 1.213600823857567 0.8576108376621053 0.9044494780815132 1.03499048502191 0.7167955478636091 0.7334061772782593 0.8404099982668144 0.5795871741354112 0.5545184318073669 0.6355878996861634 0.4379803061663081 0.39398874108278636 0.45156471576364393 0.31122273377044346 0.25867694153453535 0.29637064217514364 0.20449189090981565 0.14859655581027587 0.170036318829986 0.11777669400680406 0.05946717146368569 0.3148000709691511 0.04685501432553293 0.03430693619396901 0.18073577574230862 0.02707409022105322 0.011153985183240412 0.053564033729890534 0.009059142734253185 0.0030491048616664825 0.016263794312384814 0.0023963658679561095 0.0067751841209505725 0.0077685836062100725 0.005347162979896382 0.007 0.023 0.34 0.007 0.023 0.34 0.011292517398062214 0.004341993926976287 0.009451560374962026 0.010904147957764175 0.0042420276743050265 0.009139579119806401 0.007 0.023 0.34 0.007 0.023 0.34 0.0015387559206466548 0.0016028816087022434 0.0004847563332070479 0.0029095541806354254 0.0030308423123854298 0.0009160061236538706 0.0039210291030099004 0.004084484348658952 0.0012344027805041272 0.0047309091677608175 0.004928125816576068 0.001489364744762934 0.005381876181838849 0.005606229587714571 0.0016942994180824266 0.0058797780642857005 0.006124887424903201 0.0018510467897849229 0.048921339145171557 0.0547160660293894 0.0568398103000103 0.03147060099648593 0.06585741332296792 0.07846004276909051 0.036859123657584675 0.09083035891888835 0.11061060118996083 0.08221592434510598 0.14148688003491514 0.16320944868664677 0.007 0.023 0.34 0.0 0.0 0.0 0.1348042663994656 0.1368086766515524 0.1345949648970356 0.14545663007829307 0.23925846134594111 0.13566179681271562 0.16409433803923218 0.36958791846931455 0.14263659749985977 0.1926952672700216 0.53263088097387 0.15719902362249158 0.2333571192007572 0.7311256854339288 0.18137988117447768 0.28917060167536857 0.9653391884542991 0.21856474593228364 0.366268210682161 1.2333430287711908 0.27572783255532063 0.4786616740098666 1.534361394811582 0.36842499095125114 0.6543164508007993 1.8749233953214364 0.526860074493261 0.9125001354099849 2.249307235122642 0.7729100818579959 1.1451349245941074 2.5273852605541895 1.0007996660063903 0.9237409848517792 2.1549586802125305 0.7951766287330051 0.7096039130444742 1.7672602769870323 0.5991629163486323 1.224760452679565 0.9883540277473462 1.0082882385433478 1.2798330706729768 0.9749028854764039 1.0006151417804157 1.1504448732179262 0.8426131991561975 0.868570114168943 0.9278373049942515 0.6677988935279111 0.689725795517625 0.6840333244992769 0.5000768738224111 0.515588409374494 1.6145299149728785 1.7647278124170596 1.3986190190293883 1.4553842791600442 1.6382326521972852 1.192538016222497 1.2265635821711292 1.4023769770842915 0.9738301667205251 1.025000405964571 1.1748900302154623 0.8095326556475596 0.8139587501218879 0.933261252848975 0.6424602758394578 0.6081726283214811 0.697336450335269 0.47999879217375957 0.4304125662783139 0.4934975620733831 0.33972728909081806 0.2841604819062514 0.3257615461175045 0.22435855925022777 0.11043642325535348 0.6006150461274454 0.08622407212708136 0.07576803427745069 0.41190030534028876 0.059164795799136485 0.044714001389485204 0.2425873629429125 0.034940055555634966 0.018702861097108125 0.10038391941378111 0.014668228878949925 0.002262292608472951 0.011905087390644007 0.001785987191978443 0.002179663744676432 0.011663310174908327 0.001711219453899849 0.0021585509466823063 0.01171528682113091 0.0016864964060813305 0.009795309169729281 0.0038130834696008214 0.008210821258532962 0.009463295369183054 0.003721141227096492 0.007942394239998533 0.00914365531811692 0.0036099430559654406 0.007677963346108981 0.007 0.023 0.34 0.007 0.023 0.34 0.0 0.0 0.0 0.0 0.0 0.0 3.462437531992541e-05 3.603875095742142e-05 1.1377040537129244e-05 0.0008060351896278737 0.0008396248054944435 0.00025394066496672613 0.0014214057866521435 0.0014806547720884603 0.00044756194809624037 0.0018860073118742125 0.001964626087096584 0.0005937926134907145 0.00217662441882248 0.0022673579308668413 0.0006852862802156599 0.0634738920132636 0.06534768365987242 0.06603442081821219 0.0693913420710209 0.08659731477464133 0.09290323508458628 0.007 0.023 0.34 0.007 0.023 0.34 0.0 0.0 0.0 0.1310174860296357 0.13331271790598692 0.13077781679044406 0.14060171211530334 0.23295434536043258 0.13095820481860676 0.15788709155364772 0.3595489296458068 0.13682946343009292 0.18454791340899618 0.5173362870045299 0.14979798808195013 0.22221996142641598 0.7083626834795045 0.17145669975621186 0.27308574865528035 0.9318749807618305 0.20429465365810867 0.34117196427581553 1.1839811504824695 0.2531654153414308 0.4351627262898235 1.459138110669764 0.32823871401293014 0.5707190888510829 1.7526398510343133 0.44730234269314617 0.7534361578637121 2.0465324091212556 0.6184104125637991 0.9125001354099856 2.249307235122644 0.7729100818579966 0.7854330503500575 1.9791436922021306 0.6607851991697887 0.6313230536284652 1.659376912698317 0.5239731650224458 0.5060296779619934 1.335950669558379 0.4193689206352552 0.411669912725093 1.03514448300012 0.34656639205131645 0.5619872924674347 0.5213734686400874 0.5247980985994387 0.484602917188073 0.44948020164460223 0.45244181157365676 1.4729729179124211 1.583667836463742 1.313847927166865 1.8783683110027605 2.0683526607016933 1.6052640142266879 1.5259821309219603 1.7325090305075026 1.229097762467221 1.2975247683334088 1.4867645685442503 1.0254907684774897 1.0766631226016568 1.2345341915482624 0.8497219701631843 0.8390510538056197 0.9621257026127943 0.6621300839114644 0.6221355146522755 0.7133932433293914 0.4909516679025796 0.43878456949058287 0.5031397617147679 0.346273372941356 0.1613186078615738 0.878844758827339 0.1258764357629467 0.1188971704768528 0.647614583729604 0.09278119752336107 0.079901449571977 0.43508917445138134 0.0623569678056305 0.04712391062290769 0.256485100827599 0.03678252400721331 0.020414677077928708 0.1108361664773157 0.015948311657805976 0.0015213143078514119 0.008109502503774747 0.0011958910469099455 0.0014593912898963823 0.00783929987487378 0.0011442559910115535 0.0014225128515893864 0.007696575547371743 0.0011126058056619352 0.0014438473579132917 0.007856963153528988 0.0011270717903458878 0.007793349139223757 0.003057451673042586 0.006538971143477425 0.007493231454719498 0.0029428426800563027 0.006287988395344049 0.007 0.023 0.34 0.007 0.023 0.34 0.0 0.0 0.0 0.0 0.0 0.0 0.0 0.0 0.0 0.0 0.0 0.0 0.0 0.0 0.0 0.0 0.0 0.0 0.0 0.0 0.0 0.0 0.0 0.0 0.007 0.023 0.34 0.007 0.023 0.34 0.007 0.023 0.34 0.0 0.0 0.0 0.0 0.0 0.0 0.13507821268526646 0.214838540463067 0.1267496001066674 0.15009878443363364 0.33305585640040086 0.13099431717052168 0.17354442925006336 0.4793898923585457 0.14160789586157174 0.2065032063548493 0.6549531978296805 0.15967583811389957 0.25009827239560123 0.8577822659542181 0.18664361149369021 0.30597168999079216 1.0819628022176697 0.22494231714043816 0.37705787656040923 1.3173912753765082 0.2788678014735271 0.466945225591084 1.549469354873593 0.35390752463157665 0.5707190888510829 1.7526398510343133 0.44730234269314617 0.6543164508007993 1.8749233953214364 0.526860074493261 0.6094222154164741 1.7010014325753118 0.4954389777360395 0.5231743546237173 1.4651809967107452 0.42480955865313796 0.4399533085953572 1.201952749008141 0.3603849529839384 0.3697642297703938 0.9427140705797559 0.30993652614855227 0.3135698330446019 0.7051779509274082 0.2726779211461653 0.2696202300782398 0.4977458676801799 0.24579923901955886 1.704310848863803 1.8511046069946786 1.4932934353295826 1.7693542495643335 1.972945741738084 1.4766895569840488 1.4721474269953203 1.6818138978335957 1.170749895216787 1.278723964654627 1.4660755661491025 1.0094042682843571 1.050321699972949 1.2043938485784014 0.8288415313993215 0.8131490482684549 0.9324369126520935 0.6416716167429671 0.6005393853359249 0.6886371728997559 0.47389798377692577 0.2062811093563888 1.1239596988569671 0.1609524165184651 0.16214281416727125 0.8835216545204233 0.1265103386488642 0.11669350859246473 0.6358300015373044 0.091050784768582 0.0772934379657112 0.42112184773676586 0.060310049060510997 0.04488847303071633 0.24454123570827813 0.03502663375801488 0.018729392877631444 0.10195490428538016 0.0146184724681948 0.0008637524826706113 0.0046593427304603115 0.0006762694723343766 0.0008101801425950658 0.004383068576379014 0.0006336974783898322 0.0007730091438083561 0.004193606780534215 0.0006040488767047543 0.0007631287745503524 0.004150240202175585 0.00059582255724588 0.006249488498054604 0.002432783258793754 0.005238573227492578 0.005970748824216933 0.002324350286142073 0.0050049420003688335 0.007 0.023 0.34 0.007 0.023 0.34 0.0 0.0 0.0 0.0 0.0 0.0 0.0 0.0 0.0 0.0 0.0 0.0 0.0 0.0 0.0 0.0 0.0 0.0 0.0 0.0 0.0 0.0 0.0 0.0 0.007 0.023 0.34 0.007 0.023 0.34 0.007 0.023 0.34 0.0 0.0 0.0 0.0 0.0 0.0 0.129412903141125 0.1871212974959251 0.12338696427521281 0.14152790655430042 0.293451842299866 0.12566393460867653 0.16093947241976836 0.42384440022371467 0.1334868108060449 0.18825778247634395 0.5785167128089851 0.1475067534041728 0.2237736814334742 0.7545844528948286 0.16834616011780368 0.26750436400360633 0.9451013714090015 0.19674935187753553 0.31912522238828844 1.1383445188751435 0.23358194131804053 0.3770578765604092 1.317391275376508 0.27886780147352697 0.43516272628982344 1.4591381106697634 0.32823871401293014 0.4786616740098666 1.534361394811582 0.36842499095125114 0.46705877214623603 1.4111947872768218 0.3684716259972007 0.4224220698248887 1.2378788755929944 0.33727166988239066 0.3714351026692916 1.0309615514898558 0.3025670271409642 0.3232295661844303 0.8173687841178463 0.27163130648915346 0.28175611927559746 0.6153984467349889 0.2469170236669061 0.2477540450829633 0.4348230830457237 0.2282202043121044 1.5213368370527678 1.6736869215247214 1.3023321519330548 1.4936069232887574 1.6889281546028734 1.212830808792954 1.3492763851689844 1.545266124549301 1.067539284015079 1.1817752180193832 1.3550739304844763 0.9326566823348414 0.9663416592019995 1.10810229850696 0.7625594015094064 0.7469632746839627 0.8565433681094179 0.5894408555844944 0.550725818440896 0.6315172936754737 0.43458730985107596 0.19835911663836928 1.0809604428085908 0.15476306365201062 0.15217828802035063 0.8292655345405766 0.11873359379609737 0.1079696242174204 0.5883585756668639 0.08424083347072255 0.07034071131312608 0.3833122478943722 0.054881496277472935 0.03955820344016103 0.2155636435466647 0.030864422607012092 0.014728178878550074 0.08022406427381785 0.011493012552128904 0.0002692645538426917 0.0014608001779742327 0.0002104087050415377 0.00021793626044166634 0.0011832048851920583 0.00017025685994349443 0.00017912679446217163 0.0009732556761328019 0.00013990083391038173 0.0001591503317563861 0.0008655257973054993 0.0001242589472646256 0.0048232004617828365 0.0018639897181902136 0.004039406288018363 0.0045642610007975365 0.0017634466743536039 0.0038224206450148098 0.007 0.023 0.34 0.007 0.023 0.34 0.007 0.023 0.34 0.0 0.0 0.0 0.0 0.0 0.0 0.0 0.0 0.0 0.0 0.0 0.0 0.0 0.0 0.0 0.0 0.0 0.0 0.007 0.023 0.34 0.007 0.023 0.34 0.007 0.023 0.34 0.007 0.023 0.34 0.0 0.0 0.0 0.0 0.0 0.0 0.12422844899449373 0.15271017074164878 0.12125437362880125 0.13311592286795826 0.24507960241724597 0.12142462048968528 0.14814113144838703 0.35706078248573764 0.1263256389344446 0.16958681444475573 0.4882233084296177 0.13631463533340496 0.1972514303928355 0.6352460786138914 0.1515158142266709 0.23038340717772893 0.7912091028478645 0.17182171274271812 0.2675043640036064 0.9451013714090016 0.19674935187753562 0.30597168999079205 1.0819628022176695 0.22494231714043805 0.34117196427581553 1.1839811504824695 0.2531654153414308 0.3662682106821609 1.2333430287711908 0.2757278325553206 0.3648687721562968 1.1385775020468785 0.2840777267898544 0.3411294145459305 1.0083904388440874 0.2714536908495531 0.310473908159862 0.8478685317149066 0.25435889777674553 0.2788796517359016 0.6770181588605053 0.23730583338725708 0.2500303895592058 0.5111814805445904 0.2227608644469844 0.2252012027698588 0.3592014571485103 0.21120883043078556 1.2156128963286807 1.353475288629168 1.017434405517429 1.2391675118306864 1.4110426087562837 0.9920954369278332 1.1723465217801234 1.3434698018276587 0.9263551907391353 1.0314247125010356 1.1826919274010543 0.8139766626168682 0.844700769881026 0.9686165670279886 0.6665706413051893 0.6543150596476847 0.7503033197521348 0.5163310292992531 0.48224673830359394 0.5529918975624433 0.3805499037995051 0.1787202020050952 0.9739513710220724 0.1394397940191891 0.1356236096125831 0.739069961877834 0.10581640406267107 0.09502741287997389 0.5178514460811403 0.07414203869259274 0.060550544277845585 0.3299764055051291 0.04724226592647745 0.032245132043864866 0.17572299338148112 0.025158049507533208 0.009313621425880101 0.050714227137086426 0.007268640360550279 0.0 0.0 0.0 0.0 0.0 0.0 0.0 0.0 0.0 0.0 0.0 0.0 0.003494319628051273 0.001343497430200698 0.0029246400568586055 0.0032526828735172865 0.0012502496738184495 0.002722306495736549 0.007 0.023 0.34 0.007 0.023 0.34 0.007 0.023 0.34 0.007 0.023 0.34 0.007 0.023 0.34 0.0 0.0 0.0 0.0 0.0 0.0 0.007 0.023 0.34 0.007 0.023 0.34 0.007 0.023 0.34 0.007 0.023 0.34 0.007 0.023 0.34 0.007 0.023 0.34 0.007 0.023 0.34 0.0 0.0 0.0 0.0 0.0 0.0 0.1257856356052071 0.1924572073403712 0.11882375735747244 0.13647038955423735 0.28546027588614914 0.12091279248862732 0.15230923703857321 0.39294387960360505 0.127182049541337 0.1728923244784858 0.51160922068007 0.13752333991077542 0.19725143039283552 0.6352460786138914 0.15151581422667096 0.22377368143347431 0.7545844528948288 0.16834616011780376 0.25009827239560123 0.8577822659542181 0.18664361149369021 0.27308574865528035 0.9318749807618305 0.20429465365810867 0.2891706016753686 0.9653391884542992 0.21856474593228373 0.29122098230021376 0.8910307865026239 0.22858854811608992 0.2782824715011014 0.7925962833504312 0.2245775708059995 0.2601158203594293 0.669495688963589 0.21736817352702986 0.24027544420317692 0.5358583793264277 0.2094105290244818 0.22129750001989956 0.40323419045021064 0.20229958149770016 0.2039643549738739 0.27825925557700404 0.19620644498367426 0.9286156015216854 1.0402696586071682 0.7681118400758153 0.9953729912200694 1.1357651837675584 0.7935578886640285 0.9635196882522644 1.1042102551220396 0.7612756697902908 0.8543776967312003 0.9796557615739389 0.6742892954783496 0.7040776459024743 0.8073586907493153 0.5556101686187234 0.5472281266464616 0.6275042400556536 0.43183045554736255 0.40256421933521913 0.46161734362720414 0.3176747955076774 0.15266168946813172 0.8319456669913154 0.11910848781434935 0.11549677724499198 0.6294104591998151 0.0901120339361018 0.07993094724818367 0.43559157027712814 0.06236310669891538 0.04927270144028591 0.2685166842442291 0.03844315472666859 0.023829329275491817 0.12985783599448936 0.018592055933694906 0.003043688180519644 0.016484605317702728 0.002379774680366034 0.0 0.0 0.0 0.0 0.0 0.0 0.0 0.0 0.0 0.0 0.0 0.0 0.0022436205178732018 0.0008600238057134492 0.00187715285612299 0.0020169248583838716 0.000772987018594221 0.0016874480769605228 0.007 0.023 0.34 0.007 0.023 0.34 0.007 0.023 0.34 0.007 0.023 0.34 0.007 0.023 0.34 0.007 0.023 0.34 0.007 0.023 0.34 0.007 0.023 0.34 0.007 0.023 0.34 0.007 0.023 0.34 0.007 0.023 0.34 0.007 0.023 0.34 0.007 0.023 0.34 0.007 0.023 0.34 0.0 0.0 0.0 0.0 0.0 0.0 0.120303017069803 0.13955997487541702 0.11829219608305641 0.1270008116535273 0.21456544594739926 0.1178572695576114 0.13781079297711007 0.29999807410360013 0.12087511746883024 0.15230923703857321 0.39294387960360505 0.127182049541337 0.16958681444475573 0.4882233084296177 0.13631463533340496 0.18825778247634395 0.578516712808985 0.1475067534041728 0.20650320635484926 0.6549531978296805 0.1596758381138995 0.22221996142641592 0.7083626834795045 0.1714566997562118 0.23335711920075713 0.7311256854339286 0.18137988117447762 0.23719703781573193 0.6733852125723516 0.19165005449546946 0.23054925043644509 0.5994386383030977 0.19202963947826363 0.2203845380732073 0.5062680745968569 0.1905324388574371 0.208734568739407 0.4035693071746879 0.18838982971324944 0.19700426472712468 0.2993360663872946 0.18631872776604402 0.18493759278625244 0.1971130082922785 0.18366622992255338 0.6706548928874976 0.7509407858013007 0.5552431636581692 0.7574731306623413 0.8640302695851964 0.6042962372071007 0.7486859274237339 0.8577454282320899 0.5919118651274704 0.6720067815964021 0.7704682246804362 0.5304675273597493 0.5583845660727151 0.6402721938940734 0.44067032778807363 0.43508703892635847 0.4989017150545897 0.3433528393693341 0.318024313474954 0.36466572943888337 0.25097683757678146 0.12292050629845663 0.6698489743972633 0.09590499910627172 0.09311527350445356 0.5074413140931497 0.07264965728165482 0.06317835674334212 0.3442969898942106 0.04929251444637019 0.03672351441131375 0.20012783405486487 0.02865216535919798 0.01439729610693491 0.07843026858681983 0.01123439029846492 0.0 0.0 0.0 0.0 0.0 0.0 0.0 0.0 0.0 0.0 0.0 0.0 0.0 0.0 0.0 0.001056108097641859 0.0004042469109890069 0.0008834522632076362 0.0008424373129940443 0.0003224385690538588 0.0007047073501153784 0.007 0.023 0.34 0.007 0.023 0.34 0.007 0.023 0.34 0.007 0.023 0.34 0.007 0.023 0.34 0.007 0.023 0.34 0.007 0.023 0.34 0.007 0.023 0.34 0.007 0.023 0.34 0.007 0.023 0.34 0.007 0.023 0.34 0.007 0.023 0.34 0.007 0.023 0.34 0.007 0.023 0.34 0.007 0.023 0.34 0.0 0.0 0.0 0.0 0.0 0.0 0.12046215062591564 0.14842217606670505 0.11754255104461951 0.1270008116535273 0.21456544594739926 0.1178572695576114 0.13647038955423735 0.28546027588614914 0.12091279248862732 0.14814113144838698 0.3570607824857376 0.1263256389344445 0.16093947241976836 0.42384440022371467 0.1334868108060449 0.17354442925006341 0.47938989235854573 0.14160789586157183 0.18454791340899626 0.51733628700453 0.14979798808195022 0.19269526727002168 0.5326308809738705 0.15719902362249166 0.19782917069481082 0.4883917365402839 0.16748848494045548 0.19521997866364973 0.4334014273292054 0.17034895487759885 0.19036411624306607 0.3636787838621761 0.17226651357511424 0.18429286050236704 0.2855641477921569 0.17371806297241735 0.1773430155628462 0.20371412536804673 0.17458933133217108 0.0 0.0 0.0 0.4343598600725063 0.48160426809890194 0.36644557739028866 0.5368476293264516 0.6107617033321987 0.43059544994860677 0.5462712861025136 0.6252581087754556 0.43272698261196485 0.4985683210108996 0.5714282274247088 0.3938315175013125 0.41790906537049616 0.47912463293536056 0.329911108917537 0.3252375879721155 0.37290067631717 0.2567214483780915 0.23386451236538183 0.26812785411444356 0.18461063504125222 0.09074281355804845 0.49381169131475317 0.07083324438927928 0.06935642099205103 0.3779357192537757 0.05411416037152148 0.045433370806251275 0.24758116404223987 0.035448289610835126 0.02337218188946422 0.1273285396724435 0.0182372622515783 0.0043037739378730885 0.02323795767203882 0.003368520780130904 0.0 0.0 0.0 0.0 0.0 0.0 0.0 0.0 0.0 0.0 0.0 0.0 0.0 0.0 0.0 0.0 0.0 0.0 0.0 0.0 0.0 0.007 0.023 0.34 0.007 0.023 0.34 0.007 0.023 0.34 0.007 0.023 0.34 0.007 0.023 0.34 0.007 0.023 0.34 0.007 0.023 0.34 0.007 0.023 0.34 0.007 0.023 0.34 0.007 0.023 0.34 0.007 0.023 0.34 0.007 0.023 0.34 0.007 0.023 0.34 0.007 0.023 0.34 0.007 0.023 0.34 0.0 0.0 0.0 0.0 0.0 0.0 0.0 0.0 0.0 0.120303017069803 0.13955997487541705 0.11829219608305641 0.1257856356052071 0.1924572073403712 0.11882375735747244 0.13311592286795826 0.2450796024172459 0.12142462048968528 0.14152790655430036 0.293451842299866 0.12566393460867648 0.15009878443363361 0.3330558564004009 0.13099431717052162 0.15788709155364777 0.35954892964580687 0.13682946343009297 0.16409433803923223 0.36958791846931455 0.14263659749985982 0.17016859246301352 0.3359850761288256 0.152853953844107 0.1702030016657344 0.29532331993618804 0.15713787661398332 0.16877180967306696 0.24325452898345434 0.16099428756126075 0.16606794751892906 0.18327286755022731 0.1642714013238626 0.0 0.0 0.0 0.0 0.0 0.0 0.005955447355453827 0.014568829316000304 0.009628818342949298 0.3412488556601223 0.3852069837110098 0.27805863147610577 0.36612727751218865 0.41793892360682444 0.2916475469769649 0.3420989513558445 0.3916552881325459 0.2708612492627691 0.28892868778020125 0.33105102793231805 0.2283774260366081 0.2225219052288769 0.25500954696602285 0.1758206134403878 0.1537927311249906 0.17622035670307695 0.12155280756514626 0.08899721498636493 0.1018988747314356 0.07045095726826678 0.04455934900946702 0.24195665808536068 0.034808917766428596 0.027027508675279376 0.14692398109339083 0.02110522778873403 0.009512535083533787 0.05136501799086648 0.007445233564334793 0.0 0.0 0.0 0.0 0.0 0.0 0.0 0.0 0.0 0.0 0.0 0.0 0.0 0.0 0.0 0.0 0.0 0.0 0.0 0.0 0.0 0.0 0.0 0.0 0.007 0.023 0.34 0.007 0.023 0.34 0.007 0.023 0.34 0.007 0.023 0.34 0.007 0.023 0.34 0.007 0.023 0.34 0.007 0.023 0.34 0.007 0.023 0.34 0.007 0.023 0.34 0.007 0.023 0.34 0.007 0.023 0.34 0.007 0.023 0.34 0.007 0.023 0.34 0.007 0.023 0.34 0.007 0.023 0.34 0.007 0.023 0.34 0.0 0.0 0.0 0.0 0.0 0.0 0.0 0.0 0.0 0.0 0.0 0.0 0.12422844899449373 0.15271017074164878 0.12125437362880125 0.1294129031411249 0.18712129749592504 0.12338696427521273 0.13507821268526646 0.214838540463067 0.1267496001066674 0.14060171211530334 0.23295434536043258 0.13095820481860676 0.14545663007829313 0.23925846134594114 0.1356617968127157 0.15198927558670328 0.2134688545401267 0.14556954777383724 0.1535278149588713 0.182972430964015 0.15045319370210267 0.0 0.0 0.0 0.0 0.0 0.0 0.0 0.0 0.0 0.0 0.0 0.0 0.0 0.0 0.0 0.1662308425706821 0.18189506600403488 0.14371337346289317 0.21130579950528455 0.23906344585467723 0.17140392075357178 0.20606789533881653 0.2349676937800323 0.16452416216939542 0.17471175607165 0.19968480559995086 0.13881276154610803 0.12983420950724353 0.1484622613273102 0.10305620910516027 0.08028062235832087 0.09170920782346761 0.06385192282833174 0.031616155540461315 0.03588850175505453 0.02547461751183206 0.01780882620152758 0.08815130201707391 0.01433426275831022 0.00793414870980445 0.039969040425494526 0.006351786667919035 0.0 0.0 0.0 0.0 0.0 0.0 0.0 0.0 0.0 0.0 0.0 0.0 0.0 0.0 0.0 0.0 0.0 0.0 0.0 0.0 0.0 0.0 0.0 0.0 0.0 0.0 0.0 0.007 0.023 0.34 0.007 0.023 0.34 0.007 0.023 0.34 0.007 0.023 0.34 0.007 0.023 0.34 0.007 0.023 0.34 0.007 0.023 0.34 0.007 0.023 0.34 0.007 0.023 0.34 0.007 0.023 0.34 0.007 0.023 0.34 0.007 0.023 0.34 0.007 0.023 0.34 0.007 0.023 0.34 0.007 0.023 0.34 0.007 0.023 0.34 0.007 0.023 0.34 0.007 0.023 0.34 0.0 0.0 0.0 0.0 0.0 0.0 0.0 0.0 0.0 0.0 0.0 0.0 0.0 0.0 0.0 0.13101748602963573 0.13331271790598698 0.1307778167904441 0.1348042663994656 0.13680867665155244 0.13459496489703562 0.0 0.0 0.0 0.0 0.0 0.0 0.0 0.0 0.0 0.0 0.0 0.0 0.0 0.0 0.0 0.0 0.0 0.0 0.0 0.0 0.0 0.004304119820782931 0.01053288575912895 0.0069605175273544624 0.0771480824985533 0.0827898167343589 0.06903803625785584 0.09050171930509858 0.10113299862371723 0.07521915488996424 0.07638170260885084 0.08612789073769372 0.06237146513722241 0.04866718347855142 0.05482809044843086 0.03981082152990627 0.01488651075292037 0.01626576235209707 0.012903823554383501 0.0 0.0 0.0 0.0 0.0 0.0 0.0 0.0 0.0 0.0 0.0 0.0 0.0 0.0 0.0 0.0 0.0 0.0 0.0 0.0 0.0 0.0 0.0 0.0 0.0 0.0 0.0 0.0 0.0 0.0 0.0 0.0 0.0 0.0 0.0 0.0 0.007 0.023 0.34 0.007 0.023 0.34 0.007 0.023 0.34 0.007 0.023 0.34 0.007 0.023 0.34 0.007 0.023 0.34 0.007 0.023 0.34 0.007 0.023 0.34 0.007 0.023 0.34 0.007 0.023 0.34 0.007 0.023 0.34 0.007 0.023 0.34 0.007 0.023 0.34 0.007 0.023 0.34 0.007 0.023 0.34 0.007 0.023 0.34 0.007 0.023 0.34 0.007 0.023 0.34 0.007 0.023 0.34 0.007 0.023 0.34 0.0 0.0 0.0 0.0 0.0 0.0 0.0 0.0 0.0 0.0 0.0 0.0 0.0 0.0 0.0 0.0 0.0 0.0 0.0 0.0 0.0 0.0 0.0 0.0 0.0 0.0 0.0 0.0 0.0 0.0 0.0 0.0 0.0 0.0 0.0 0.0 0.0035234315930663153 0.008623128260851676 0.005698312246249558 0.003465580343744006 0.00848161321723829 0.005604780685052035 0.0 0.0 0.0 0.0 0.0 0.0 0.0 0.0 0.0 0.0 0.0 0.0 0.0 0.0 0.0 0.0 0.0 0.0 0.0 0.0 0.0 0.0 0.0 0.0 0.0 0.0 0.0 0.0 0.0 0.0 0.0 0.0 0.0 0.0 0.0 0.0 0.0 0.0 0.0 0.0 0.0 0.0 0.0 0.0 0.0 0.0 0.0 0.0 0.007 0.023 0.34 0.007 0.023 0.34 0.007 0.023 0.34 0.007 0.023 0.34 0.007 0.023 0.34 0.007 0.023 0.34 0.007 0.023 0.34 0.007 0.023 0.34 0.007 0.023 0.34 0.007 0.023 0.34 0.007 0.023 0.34 0.007 0.023 0.34 0.007 0.023 0.34 0.007 0.023 0.34 0.007 0.023 0.34 0.007 0.023 0.34 0.007 0.023 0.34 0.007 0.023 0.34 0.007 0.023 0.34 0.007 0.023 0.34 0.007 0.023 0.34 0.007 0.023 0.34 0.007 0.023 0.34 0.007 0.023 0.34 0.0 0.0 0.0 0.0 0.0 0.0 0.0 0.0 0.0 0.0 0.0 0.0 0.0 0.0 0.0 0.0 0.0 0.0 0.0 0.0 0.0 0.0 0.0 0.0 0.0 0.0 0.0 0.0027054556070966996 0.006621378739365182 0.004375489339401402 0.08264173953566245 0.16522079935154543 0.11785944193081686 0.07422986165500413 0.14714831106182436 0.10532757887352344 0.0 0.0 0.0 0.0 0.0 0.0 0.0 0.0 0.0 0.0 0.0 0.0 0.0 0.0 0.0 0.0 0.0 0.0 0.0 0.0 0.0 0.0 0.0 0.0 0.0 0.0 0.0 0.0 0.0 0.0 0.0 0.0 0.0 0.0 0.0 0.0 0.0 0.0 0.0 0.0 0.0 0.0 0.007 0.023 0.34 0.007 0.023 0.34 0.007 0.023 0.34 0.007 0.023 0.34 0.007 0.023 0.34 0.007 0.023 0.34 0.007 0.023 0.34 0.007 0.023 0.34 0.007 0.023 0.34 0.007 0.023 0.34 0.007 0.023 0.34 0.007 0.023 0.34 0.007 0.023 0.34 0.007 0.023 0.34 0.007 0.023 0.34 0.007 0.023 0.34 0.007 0.023 0.34 0.007 0.023 0.34 0.0 0.0 0.0 0.007 0.023 0.34 0.007 0.023 0.34 0.007 0.023 0.34 0.007 0.023 0.34 0.007 0.023 0.34 0.0 0.0 0.0 0.0 0.0 0.0 0.0 0.0 0.0 0.0 0.0 0.0 0.0 0.0 0.0 0.0 0.0 0.0 0.0 0.0 0.0 0.0 0.0 0.0 0.0 0.0 0.0 0.08266369399333472 0.169687322759182 0.11977688305185853 0.0752638634207155 0.15470319555371023 0.10914255813784213 0.0683460515478046 0.1385458940040988 0.09828435752179664 0.06181000516086253 0.12134325936181214 0.08719930401869311 0.0556184656701915 0.10323239349680963 0.07592449898906053 0.0013821355010553117 0.003382540870065235 0.002235253484143689 0.0011496893598537767 0.002813251147653922 0.00185915280118286 0.0007736863719411667 0.0018913309855542288 0.0012503311227233939 0.0 0.0 0.0 0.0 0.0 0.0 0.007 0.023 0.34 0.007 0.023 0.34 0.0 0.0 0.0 0.0 0.0 0.0 0.0 0.0 0.0 0.0 0.0 0.0 0.0 0.0 0.0 0.007 0.023 0.34 0.007 0.023 0.34 0.007 0.023 0.34 0.007 0.023 0.34 0.007 0.023 0.34 0.007 0.023 0.34 0.007 0.023 0.34 0.007 0.023 0.34 0.007 0.023 0.34 0.007 0.023 0.34 0.007 0.023 0.34 0.007 0.023 0.34 0.007 0.023 0.34 0.007 0.023 0.34 0.007 0.023 0.34 0.007 0.023 0.34 0.007 0.023 0.34 0.0 0.0 0.0 0.0 0.0 0.0 0.0 0.0 0.0 0.0 0.0 0.0 0.007 0.023 0.34 0.007 0.023 0.34 0.007 0.023 0.34 0.0 0.0 0.0 0.0 0.0 0.0 0.0 0.0 0.0 0.0 0.0 0.0 0.0 0.0 0.0 0.0 0.0 0.0 0.0 0.0 0.0 0.0 0.0 0.0 0.07808433216008151 0.16305864290931868 0.11432354333386167 0.07378992904104432 0.15524902702993676 0.10852999845751352 0.0680737060935278 0.1423566634550818 0.09975334850195333 0.06235050132790604 0.12788385452488746 0.09029867771782339 0.05671157257193736 0.11213419591530147 0.08034780019692084 0.05125486864561768 0.0953709572161532 0.07006916952987849 0.0006760599210309447 0.0016540072863211136 0.0010931276297903299 0.0004542629846788893 0.0011103856086735787 0.0007340812746678055 0.00010999366247112833 0.00026588644799563913 0.00017647765657804475 0.007 0.023 0.34 0.007 0.023 0.34 0.007 0.023 0.34 0.007 0.023 0.34 0.007 0.023 0.34 0.0 0.0 0.0 0.0 0.0 0.0 0.0 0.0 0.0 0.0 0.0 0.0 0.007 0.023 0.34 0.007 0.023 0.34 0.007 0.023 0.34 0.007 0.023 0.34 0.007 0.023 0.34 0.007 0.023 0.34 0.007 0.023 0.34 0.007 0.023 0.34 0.007 0.023 0.34 0.007 0.023 0.34 0.007 0.023 0.34 0.007 0.023 0.34 0.007 0.023 0.34 0.007 0.023 0.34 0.007 0.023 0.34 0.007 0.023 0.34 0.0 0.0 0.0 0.0 0.0 0.0 0.0 0.0 0.0 0.0 0.0 0.0 0.0 0.0 0.0 0.007 0.023 0.34 0.007 0.023 0.34 0.007 0.023 0.34 0.0 0.0 0.0 0.0 0.0 0.0 0.0 0.0 0.0 0.0 0.0 0.0 0.0 0.0 0.0 0.0 0.0 0.0 0.0 0.0 0.0 0.07298967989713956 0.15442048906270894 0.10771768490692837 0.0694408614004271 0.1477944857037304 0.10285653152851851 0.06581626975509017 0.13998145465182005 0.09744568543986727 0.061221840459852774 0.12867019160367502 0.08998671091155212 0.05640478320098937 0.11564312366077058 0.08166830944295503 0.05152880766515719 0.10125596109529698 0.0727360737004628 0.04674919644517731 0.08581186837908089 0.06340835383925521 0.0 0.0 0.0 0.0 0.0 0.0 0.0 0.0 0.0 0.007 0.023 0.34 0.007 0.023 0.34 0.007 0.023 0.34 0.007 0.023 0.34 0.007 0.023 0.34 0.007 0.023 0.34 0.0 0.0 0.0 0.0 0.0 0.0 0.0 0.0 0.0 0.007 0.023 0.34 0.007 0.023 0.34 0.007 0.023 0.34 0.007 0.023 0.34 0.007 0.023 0.34 0.007 0.023 0.34 0.007 0.023 0.34 0.007 0.023 0.34 0.007 0.023 0.34 0.007 0.023 0.34 0.007 0.023 0.34 0.007 0.023 0.34 0.007 0.023 0.34 0.007 0.023 0.34 0.007 0.023 0.34 0.007 0.023 0.34 0.0 0.0 0.0 0.0 0.0 0.0 0.0 0.0 0.0 0.0 0.0 0.0 0.0 0.0 0.0 0.007 0.023 0.34 0.007 0.023 0.34 0.007 0.023 0.34 0.0 0.0 0.0 0.0 0.0 0.0 0.0 0.0 0.0 0.0 0.0 0.0 0.0 0.0 0.0 0.06759230354675777 0.14046889429425724 0.09867216919600631 0.06659021947726429 0.14059672420043962 0.09815196242344744 0.06466478795691824 0.13776832963009292 0.09584144194665593 0.061964501346775384 0.13225794448706382 0.09194272544335495 0.05865519811163636 0.1243878275218702 0.08668836033680546 0.05490544746738024 0.11450402339303181 0.08032260424785635 0.050889960692889244 0.10296573518441779 0.07309884914631631 0.046790424364604316 0.0901269737017516 0.06527227316248846 0.04277956097455709 0.07629117927338533 0.057071346357673636 0.03897359803346149 0.061604339986471315 0.04862498831157341 0.0 0.0 0.0 0.0 0.0 0.0 0.007 0.023 0.34 0.007 0.023 0.34 0.007 0.023 0.34 0.007 0.023 0.34 0.007 0.023 0.34 0.007 0.023 0.34 0.007 0.023 0.34 0.007 0.023 0.34 0.007 0.023 0.34 0.007 0.023 0.34 0.007 0.023 0.34 0.007 0.023 0.34 0.007 0.023 0.34 0.007 0.023 0.34 0.007 0.023 0.34 0.007 0.023 0.34 0.007 0.023 0.34 0.007 0.023 0.34 0.007 0.023 0.34 0.007 0.023 0.34 0.007 0.023 0.34 0.007 0.023 0.34 0.007 0.023 0.34 0.007 0.023 0.34 0.007 0.023 0.34 0.007 0.023 0.34 0.0 0.0 0.0 0.0 0.0 0.0 0.0 0.0 0.0 0.0 0.0 0.0 0.007 0.023 0.34 0.007 0.023 0.34 0.007 0.023 0.34 0.0 0.0 0.0 0.0 0.0 0.0 0.0 0.0 0.0 0.0 0.0 0.0 0.05958068606422162 0.1197332994815311 0.08523412462776077 0.059614634136277586 0.12288032978929954 0.0865957168259839 0.058860551816356396 0.12326353073874995 0.0863266546044874 0.057358347351857936 0.12101065737929127 0.08450431046052356 0.05518786297653096 0.1163166626980893 0.08125761820463269 0.05246156601437635 0.10943402360728127 0.07675875540719587 0.049319260172833966 0.1006593118105779 0.0712143830231206 0.04592321553188064 0.09031551124434282 0.0648553111808854 0.042447781158258494 0.07872291780413129 0.05791813126379691 0.0390558918495064 0.0661445070688824 0.05060844271675841 0.03584415915792184 0.05266209162445033 0.04301654573907891 0.0 0.0 0.0 0.0 0.0 0.0 0.007 0.023 0.34 0.007 0.023 0.34 0.007 0.023 0.34 0.007 0.023 0.34 0.007 0.023 0.34 0.007 0.023 0.34 0.007 0.023 0.34 0.007 0.023 0.34 0.007 0.023 0.34 0.007 0.023 0.34 0.007 0.023 0.34 0.007 0.023 0.34 0.007 0.023 0.34 0.007 0.023 0.34 0.007 0.023 0.34 0.007 0.023 0.34 0.007 0.023 0.34 0.007 0.023 0.34 0.007 0.023 0.34 0.007 0.023 0.34 0.007 0.023 0.34 0.007 0.023 0.34 0.007 0.023 0.34 0.007 0.023 0.34 0.007 0.023 0.34 0.007 0.023 0.34 0.007 0.023 0.34 0.007 0.023 0.34 0.007 0.023 0.34 0.007 0.023 0.34 0.007 0.023 0.34 0.007 0.023 0.34 0.007 0.023 0.34 0.0 0.0 0.0 0.0 0.0 0.0 0.0 0.0 0.0 0.051867162486055544 0.09672840282094743 0.07099925014501247 0.052527467721368445 0.10231430089794409 0.07376018553044919 0.052557023077258305 0.10535233877194541 0.07507277610398505 0.05195095803362847 0.10591575112802895 0.07496546107171152 0.05072790637745482 0.10411021501653103 0.07349399578327867 0.04894060691070549 0.10009442133767084 0.0707563047024031 0.04667738847635943 0.09408114180496337 0.06689378814066013 0.04405921108485433 0.08632752613663577 0.0620854872807472 0.0412323442805166 0.07711568468902899 0.05653560404477886 0.0383539450520068 0.06671870124144336 0.05045073501568423 0.03556316674729183 0.055335065751967984 0.04399533897698592 0.03291133205647539 0.042925365151424436 0.037182042307953835 0.0 0.0 0.0 0.007 0.023 0.34 0.007 0.023 0.34 0.007 0.023 0.34 0.007 0.023 0.34 0.007 0.023 0.34 0.007 0.023 0.34 0.007 0.023 0.34 0.007 0.023 0.34 0.007 0.023 0.34 0.007 0.023 0.34 0.007 0.023 0.34 0.007 0.023 0.34 0.007 0.023 0.34 0.007 0.023 0.34 0.007 0.023 0.34 0.007 0.023 0.34 0.007 0.023 0.34 0.007 0.023 0.34 0.007 0.023 0.34 0.007 0.023 0.34 0.007 0.023 0.34 0.007 0.023 0.34 0.033847827459041725 0.1010212256308357 0.10575734376363666 0.04810978066098135 0.14682708275598022 0.1537872309276955 0.07795492443494688 0.1762079805333743 0.18313539664236417 0.007 0.023 0.34 0.007 0.023 0.34 0.007 0.023 0.34 0.007 0.023 0.34 0.007 0.023 0.34 0.007 0.023 0.34 0.007 0.023 0.34 0.007 0.023 0.34 0.007 0.023 0.34 0.0 0.0 0.0 0.0 0.0 0.0 0.0 0.0 0.0 0.04572972052424293 0.07973369442877672 0.06023148205909801 0.046251096427445376 0.08502158073625901 0.06278564381933982 0.04625065515064852 0.08796929738762968 0.06404251097835721 0.04573434135452993 0.08868040578173492 0.06404965905628865 0.04471697213664879 0.08726022541526665 0.0628605019398286 0.0432406529352698 0.08385001701788246 0.06055943207742288 0.04138021777371846 0.07863471567290314 0.057268238572449365 0.039241287588183016 0.07183555564285368 0.053141848271443526 0.03695188370611559 0.06368941177096582 0.048354705538544276 0.034644909782857745 0.05440821923284127 0.04307341880324009 0.0324204495590289 0.04409018757046516 0.03739727251187556 0.03023777413745332 0.03245074363672287 0.031181544887672486 0.0 0.0 0.0 0.007 0.023 0.34 0.007 0.023 0.34 0.007 0.023 0.34 0.007 0.023 0.34 0.007 0.023 0.34 0.007 0.023 0.34 0.007 0.023 0.34 0.007 0.023 0.34 0.007 0.023 0.34 0.007 0.023 0.34 0.007 0.023 0.34 0.007 0.023 0.34 0.007 0.023 0.34 0.007 0.023 0.34 0.007 0.023 0.34 0.007 0.023 0.34 0.007 0.023 0.34 0.007 0.023 0.34 0.007 0.023 0.34 0.007 0.023 0.34 0.007 0.023 0.34 0.023698658571529606 0.054498381222576754 0.05666994212172621 0.0164850218110158 0.09759091505704227 0.10330935572156147 0.018813551928751615 0.12516733188677184 0.13266589648912971 0.03421612940758045 0.1458222269095313 0.15369111067149785 0.04952902201695314 0.13478720238522188 0.14079840361966123 0.007 0.023 0.34 0.007 0.023 0.34 0.007 0.023 0.34 0.007 0.023 0.34 0.007 0.023 0.34 0.007 0.023 0.34 0.007 0.023 0.34 0.007 0.023 0.34 0.0 0.0 0.0 0.0 0.0 0.0 0.03927836911621743 0.05505874138775163 0.04600826475298936 0.04030244219706672 0.06283664814901954 0.04991266252043196 0.04073026805168057 0.06798586992376361 0.05235403414289022 0.04069888242265733 0.07090598184859755 0.053581381208372386 0.04024659099419251 0.0717722139584908 0.05369140387840217 0.0393979062019909 0.0707115148293862 0.05275230079084575 0.038193308130936576 0.06786076205710502 0.05084566292309902 0.03669897401712349 0.06338342316570517 0.04807915914866491 0.03500596596543742 0.05746456029867353 0.04458394000879513 0.033220518900512655 0.050286665002577294 0.040498761784299245 0.03144062071877106 0.04197273322449767 0.035932277618788505 0.029695076055508376 0.03243118387551645 0.030861950940508774 0.0 0.0 0.0 0.007 0.023 0.34 0.007 0.023 0.34 0.007 0.023 0.34 0.007 0.023 0.34 0.007 0.023 0.34 0.007 0.023 0.34 0.007 0.023 0.34 0.007 0.023 0.34 0.007 0.023 0.34 0.007 0.023 0.34 0.007 0.023 0.34 0.007 0.023 0.34 0.007 0.023 0.34 0.007 0.023 0.34 0.007 0.023 0.34 0.007 0.023 0.34 0.007 0.023 0.34 0.007 0.023 0.34 0.007 0.023 0.34 0.007 0.023 0.34 0.007 0.023 0.34 0.007 0.023 0.34 0.019637227615061675 0.043690453225230005 0.04538634655599953 0.012136456270854933 0.07814801827810912 0.08280222015423735 0.011501268943942213 0.10014812651149282 0.10639824934237548 0.014982799914212374 0.10908030474712885 0.11571473014497384 0.026730499736344174 0.10111342585766635 0.10635785795075514 0.007 0.023 0.34 0.007 0.023 0.34 0.007 0.023 0.34 0.007 0.023 0.34 0.007 0.023 0.34 0.007 0.023 0.34 0.007 0.023 0.34 0.007 0.023 0.34 0.0 0.0 0.0 0.0 0.0 0.0 0.03410509188698629 0.03706251288710837 0.0353663507687379 0.03547789157589189 0.045800593342728346 0.03988024054364387 0.03595331241781484 0.05118811862687953 0.0424505391035502 0.03594163058628751 0.05424730768157798 0.04374849941624406 0.03556316674729229 0.055335065751970336 0.04399533897698718 0.034872253740445454 0.05464156715169755 0.04330332328551312 0.03391721934323759 0.052317262677199355 0.041764332783838606 0.03275919793230695 0.04850959210729445 0.03947630873373552 0.03147323864672631 0.04336114381550272 0.036543103903962634 0.030134679497721195 0.036972963221328314 0.03305101980976364 0.028776793490155272 0.0292908547887256 0.028996026524126365 0.0 0.0 0.0 0.007 0.023 0.34 0.007 0.023 0.34 0.007 0.023 0.34 0.007 0.023 0.34 0.007 0.023 0.34 0.007 0.023 0.34 0.007 0.023 0.34 0.007 0.023 0.34 0.007 0.023 0.34 0.007 0.023 0.34 0.007 0.023 0.34 0.007 0.023 0.34 0.007 0.023 0.34 0.007 0.023 0.34 0.007 0.023 0.34 0.007 0.023 0.34 0.007 0.023 0.34 0.007 0.023 0.34 0.007 0.023 0.34 0.007 0.023 0.34 0.007 0.023 0.34 0.007 0.023 0.34 0.007 0.023 0.34 0.0 0.0 0.0 0.014306577196671354 0.04936089575380828 0.05183243059155526 0.011891182200236779 0.06759777020463723 0.07152541103783384 0.014259490039610127 0.07362527977932941 0.07781091577373404 0.024275883148362938 0.059819289039906944 0.06232530740023952 0.007 0.023 0.34 0.007 0.023 0.34 0.007 0.023 0.34 0.007 0.023 0.34 0.007 0.023 0.34 0.007 0.023 0.34 0.007 0.023 0.34 0.007 0.023 0.34 0.007 0.023 0.34 0.0 0.0 0.0 0.0 0.0 0.0 0.0 0.0 0.0 0.031696228510767595 0.03397302104940622 0.03266721803547348 0.03190507486098076 0.037685706614523626 0.034370355638046426 0.0316814566124748 0.039214187527262016 0.034893959590484386 0.031173936239255372 0.038963130916311844 0.03449581397249804 0.030460716504073785 0.0371454174089022 0.03331155795942282 0.02960318246233724 0.033899887723741876 0.03143560932107387 0.028651537351405115 0.029294965811317474 0.028925941928840224 0.0 0.0 0.0 0.0 0.0 0.0 0.007 0.023 0.34 0.007 0.023 0.34 0.007 0.023 0.34 0.007 0.023 0.34 0.007 0.023 0.34 0.007 0.023 0.34 0.007 0.023 0.34 0.007 0.023 0.34 0.007 0.023 0.34 0.007 0.023 0.34 0.007 0.023 0.34 0.007 0.023 0.34 0.007 0.023 0.34 0.007 0.023 0.34 0.007 0.023 0.34 0.007 0.023 0.34 0.007 0.023 0.34 0.007 0.023 0.34 0.007 0.023 0.34 0.007 0.023 0.34 0.007 0.023 0.34 0.007 0.023 0.34 0.007 0.023 0.34 0.007 0.023 0.34 0.007 0.023 0.34 0.0 0.0 0.0 0.021405162196403208 0.028762129086919004 0.0292808383563753 0.02365808002734939 0.028707059839041246 0.029063042497193273 0.007 0.023 0.34 0.007 0.023 0.34 0.007 0.023 0.34 0.007 0.023 0.34 0.007 0.023 0.34 0.007 0.023 0.34 0.007 0.023 0.34 0.007 0.023 0.34 0.007 0.023 0.34 0.007 0.023 0.34 0.007 0.023 0.34 0.0 0.0 0.0 0.0 0.0 0.0 0.0 0.0 0.0 0.0 0.0 0.0 0.0 0.0 0.0 0.0 0.0 0.0 0.0 0.0 0.0 0.0 0.0 0.0 0.0 0.0 0.0 0.007 0.023 0.34 0.007 0.023 0.34 0.007 0.023 0.34 0.007 0.023 0.34 0.007 0.023 0.34 0.007 0.023 0.34 0.007 0.023 0.34 0.007 0.023 0.34 0.007 0.023 0.34 0.007 0.023 0.34 0.007 0.023 0.34 0.007 0.023 0.34 0.007 0.023 0.34 0.007 0.023 0.34 0.007 0.023 0.34 
