50 50
25
[9. 9. 1.] 4 (0.19265806851644374, 0.7375592576749973, 0.9292645413056915) 0 0.8777362756616003 1 
[ -2.   6. -10.] 3 (0.08688173274288402, 0.4216239916354194, 0.680955827424892) 0 0.9144641849674167 1 
[5. 2. 7.] 2 (0.796118634341434, 0.6263745601361085, 0.474126992049989) 0 0.2881910764324165 1 
[-4.  6.  8.] 3 (0.5912877690290335, 0.7086765922501288, 0.005679971208752188) 0 0.5007364418027508 1 
[-1.  5. -1.] 1 (0.927207669213503, 0.17687960759753596, 0.6790291128151931) 0 0.559663849525016 1 
[ 7. -9. -5.] 0 (0.6071212668759605, 0.9453469209678692, 0.6675328661662099) 0 0.8044650545581653 1 
[3. 8. 4.] 3 (0.8408815272104552, 0.1784296970099749, 0.38644901920717767) 0 0.4952723740846635 1 
[-1.  4. -3.] 3 (0.05020348888645898, 0.8128184917755266, 0.06053847837176918) 0 0.7131237704616203 1 
[-1. -2. -4.] 4 (0.18490610374281513, 0.2756775480395426, 0.12338999303429332) 0 0.38081579849552627 1 
[-8. -7.  8.] 0 (0.2771822277953948, 0.8847250653767988, 0.09068205104613636) 0 0.6873966176097592 1 
[ 2. -1.  7.] 4 (0.4598910197815107, 0.19820046297646354, 0.40450650066603155) 0 0.06322374582591561 1 
[2. 0. 8.] 1 (0.7846788778376774, 0.9434053837837412, 0.1842222090682999) 0 0.9371989551048201 1 
[-9.  9. -4.] 3 (0.3873700388125654, 0.772254955339158, 0.5838968833289785) 0 0.1944324502886613 1 
[-9. -3.  1.] 3 (0.060786571193255146, 0.3185877543641551, 0.6588561321911932) 0 0.1595796851382365 1 
[-2. -8.  4.] 1 (0.981296003882323, 0.4196338851296745, 0.5619868749712545) 0 0.02888752084612889 1 
[ 4. -2. -7.] 2 (0.21996771654091618, 0.6006482864058792, 0.5181866997420863) 0 0.2962196794648566 1 
[2. 9. 4.] 1 (0.10756490713621125, 0.8623122744940533, 0.10335090909567568) 0 0.005279851296178029 1 
[ 6. -1.  7.] 0 (0.09070008535859053, 0.7843519380101476, 0.5405540737292319) 0 0.9803649777240603 1 
[-10.  -6.  -3.] 2 (0.743457300923852, 0.06322148595877941, 0.04824697464464556) 0 0.3708571021664132 1 
[ 8. -2.  3.] 3 (0.21554065707312775, 0.6406219323517903, 0.38924255406953645) 0 0.12079814377485831 1 
[  8. -10.   6.] 2 (0.784179821674022, 0.5440459006293663, 0.9033146538616597) 0 0.5020158028519717 1 
[ 6.  4. -4.] 3 (0.23183177264833432, 0.3417545031062855, 0.8991288041605974) 0 0.3622758154843232 1 
[ 9. -9. -1.] 2 (0.4157428613572126, 0.9349479663943753, 0.20224025258791978) 0 0.853610953427288 1 
[-10.  -9.   0.] 0 (0.4118975397194279, 0.48517910240184625, 0.7757494391974284) 0 0.574562542188408 1 
[ 9.  7. -5.] 3 (0.004084511760033882, 0.7557112236816165, 0.8411990557367047) 0 0.911910975382242 1 
2
[ 0. 10.  0.] 50
[ 0.  0. 50.] 100
0.007 0.023 0.34 0.007 0.023 0.34 0.007 0.023 0.34 0.007 0.023 0.34 0.007 0.023 0.34 0.007 0.023 0.34 0.007 0.023 0.34 0.007 0.023 0.34 0.007 0.023 0.34 0.007 0.023 0.34 0.007 0.023 0.34 0.007 0.023 0.34 0.007 0.023 0.34 0.007 0.023 0.34 0.010065135619491612 0.004356118869711248 0.008856872122447065 0.00954382872581955 0.004183504864920603 0.008409363031055165 0.009377850478388176 0.004163574950143842 0.008274294636735988 0.00933185665193535 0.004192132388260017 0.008244078933834945 0.009353121061892896 0.0042438902178417205 0.008271797009536834 0.009418837018502433 0.004306876619313863 0.008336935279658446 0.009517016755626136 0.0043739827818869955 0.008428538566318311 0.009641239351915054 0.004440589485876801 0.008540567262577537 0.009789062425344289 0.004503851303248867 0.008670493685246018 0.0099621713461167 0.0045628019474394915 0.008819442004548027 0.03985738316463427 0.03339490503185718 0.03848965615129461 0.010790763364444676 0.004770504883045246 0.009516628275223295 0.011482824454857004 0.0049863390795782106 0.010107900105872548 0.007 0.023 0.34 0.029970209889982245 0.034814682938585445 0.005802992639248219 0.04850037460257737 0.057703989728260116 0.002587070100109626 0.057571182297309356 0.06883332178706177 0.0013886895831856801 0.06115952539165016 0.07322238420844823 0.0009825511850237592 0.060260255712359614 0.07217916762798739 0.0008013773643024923 0.05593846752878204 0.06701263251174275 0.0006937075046038474 0.04900658824658124 0.05870789307028993 0.0006105008005458643 0.04011676599155509 0.04804985984410897 0.0005416046310411748 0.029802990223244282 0.03567789939175217 0.0004953225410808895 0.0185074369024901 0.022118260090226185 0.0004944254652262206 0.006600530029900275 0.007807502840827655 0.0005794057827912 0.0 0.0 0.0 0.0 0.0 0.0 0.0 0.0 0.0 0.0 0.0 0.0 0.0 0.0 0.0 0.0 0.0 0.0 0.007 0.023 0.34 0.007 0.023 0.34 0.007 0.023 0.34 0.007 0.023 0.34 0.007 0.023 0.34 0.007 0.023 0.34 0.007 0.023 0.34 0.007 0.023 0.34 0.007 0.023 0.34 0.007 0.023 0.34 0.007 0.023 0.34 0.007 0.023 0.34 0.007 0.023 0.34 0.007 0.023 0.34 0.007 0.023 0.34 0.007 0.023 0.34 0.007 0.023 0.34 0.026102858632535506 0.020601336544242923 0.015666888242374975 0.008058909445442913 0.003480179805608632 0.0070898613362636 0.007430734316772847 0.0032359269827051417 0.0065429400080446835 0.007206987605576555 0.003165929731973361 0.006351733026352025 0.007104477408076956 0.0031472654689689143 0.006266968088056645 0.007070694044322253 0.0031562451401023644 0.006242235146877806 0.0070841523998705445 0.0031827386588171376 0.006258452280780126 0.0071338567628579505 0.00322121656919692 0.0063057806631947625 0.0072137334077182445 0.003268288076582639 0.006378714387432589 0.007320647777545441 0.0033218151648337505 0.006474329805730646 0.00745373348251656 0.003380614537347516 0.006591693457715849 0.007614464889012648 0.0034445025185236987 0.0067319287996755505 0.04611238309077023 0.032989755868471554 0.043335093733783046 0.04273273285294225 0.03565133597465279 0.04123401709659917 0.008760067528085334 0.0038360912318504943 0.007717950981609611 0.009553681792718862 0.004133253306517746 0.008406495479336753 0.058897526649718035 0.06964766095401724 0.005269231353189326 0.08114350078540028 0.09695743622869629 0.0022538445497419426 0.09207879810937462 0.11026024046757421 0.0013785582702866936 0.0958121364643436 0.11479699820757007 0.0011039455794769801 0.09418849243627862 0.11287122373340977 0.0009875144217472134 0.08849277941754917 0.1060513548113039 0.0008997838745946402 0.07972327754543221 0.09554237614933667 0.0008078642825653696 0.06868112012734427 0.0823065773974895 0.0007089417945250119 0.05601637450309367 0.06712254202743141 0.0006119660791256718 0.04225859294932546 0.05062224336218803 0.0005355501108232014 0.027840879881767488 0.033319003933053655 0.0005126209058864414 0.013120546281546103 0.015630548279065078 0.0005991093852654318 0.0 0.0 0.0 0.0 0.0 0.0 0.0 0.0 0.0 0.0 0.0 0.0 0.0 0.0 0.0 0.007 0.023 0.34 0.007 0.023 0.34 0.007 0.023 0.34 0.007 0.023 0.34 0.007 0.023 0.34 0.007 0.023 0.34 0.007 0.023 0.34 0.007 0.023 0.34 0.007 0.023 0.34 0.007 0.023 0.34 0.007 0.023 0.34 0.007 0.023 0.34 0.007 0.023 0.34 0.007 0.023 0.34 0.007 0.023 0.34 0.016674983914769795 0.013159623328898373 0.010006611345120217 0.016732161355749835 0.013245250028055136 0.010117754872428638 0.017320420247560083 0.013743685582983094 0.010535625702716099 0.018243560548655932 0.014493839733471313 0.011130624388332337 0.019472006859009443 0.015459234882102955 0.011860082583984173 0.02119454354532309 0.016763295014274968 0.012788800967306342 0.0050868624133784575 0.0022421357385864135 0.0044848008761877705 0.005060351752287171 0.002241467724114058 0.004463759585383036 0.005071107299643117 0.0022556142863013385 0.004475232811389828 0.005112698476051537 0.0022815299267179125 0.004513506397613163 0.005181572588111337 0.0023173881025665343 0.004575392975340322 0.0052760449138328225 0.0023621359195957854 0.004659341543400103 0.005395935484530717 0.002415333465460702 0.004765117118303621 0.0055426073224198995 0.002477172707397442 0.004893834878714783 0.05452210756045186 0.03425188189089252 0.05023209146366493 0.05003594699882172 0.03624747058933769 0.04711773648103328 0.04660380532230947 0.0377106042617624 0.044721637046353666 0.007016293804074901 0.0030492359237089778 0.006176700676643025 0.0913008150914562 0.10844998947249397 0.005750164116783187 0.11755237860762953 0.1406361521940561 0.002396289259423413 0.1305304626163255 0.15637927680521782 0.0015806466281997344 0.13475861887004673 0.16149475857338536 0.0013822763506347925 0.1324554360512164 0.1587462657901769 0.0013005740819223986 0.12522576716146513 0.15008432804160002 0.0012159449778045576 0.11432486634002541 0.13701988131665158 0.001108144532288711 0.10075602589648411 0.12075669620459688 0.0009803558396893708 0.08532577791531513 0.10226105490914479 0.0008421789345661217 0.06868112012734415 0.08230657739748935 0.000708941794525011 0.05133912545670284 0.06150863763084746 0.0006073311870660127 0.03371316562634717 0.04035381013253616 0.0005855381515208755 0.01613482507493479 0.019223406818010956 0.0007270758248705207 0.0 0.0 0.0 0.0 0.0 0.0 0.0 0.0 0.0 0.0 0.0 0.0 0.007 0.023 0.34 0.007 0.023 0.34 0.007 0.023 0.34 0.007 0.023 0.34 0.007 0.023 0.34 0.007 0.023 0.34 0.007 0.023 0.34 0.007 0.023 0.34 0.007 0.023 0.34 0.007 0.023 0.34 0.007 0.023 0.34 0.007 0.023 0.34 0.007 0.023 0.34 0.007 0.023 0.34 0.010145253211743279 0.007994841278448782 0.006066084773927541 0.009876928289001012 0.00779520122986186 0.005928049851194988 0.010107957448046477 0.007988216397097483 0.006086969349209818 0.010639951475154202 0.008417740079119346 0.0064245848988665035 0.011422463220619771 0.009042899002763807 0.006908610268565664 0.012458029392462175 0.009862971422369866 0.007535401126683749 0.013808872704642813 0.01092176807631674 0.008332254065116972 0.01575679666853823 0.012431890607297774 0.009449701895800612 0.0032528834241112993 0.0014314855708645242 0.002867400487884488 0.0032643724736095884 0.0014404415017812092 0.0028783534249749872 0.0033023410763885707 0.001460263445336867 0.0029124814459350963 0.0033644667399786864 0.0014898492765774993 0.002967720338413647 0.0034497608796218403 0.0015286472519591549 0.0030431739712774297 0.003558340568134796 0.0015765550452731083 0.0031389129834570595 0.003691451693342312 0.0016339284367751568 0.0032559948792900565 0.06493976962959616 0.0370220825902048 0.0590312351743578 0.05910374548152162 0.03830262243268588 0.054701369594569255 0.0548428275465391 0.03933756470287266 0.0515612741850423 0.04958853256775987 0.040705640678864514 0.04770854613787977 0.12350991097075667 0.1467485780858634 0.007581117239475238 0.15625919306829988 0.18699900343908935 0.002910073768021303 0.17249831137292118 0.2066888095931253 0.0019350343955104043 0.17784017928614446 0.21313681964905118 0.0017587835774106912 0.17505346664161453 0.20980497436865164 0.0016915284898437143 0.16619407478913062 0.19918812761463148 0.001599404818578955 0.1528730854790061 0.18322273479922666 0.0014703299580847034 0.13637024233379416 0.16344342282880944 0.0013125326247849659 0.11770443959609449 0.1410711609857252 0.0011368322226978239 0.0976811234718867 0.117070144131738 0.0009567388247882057 0.0769298959598572 0.09219168483557262 0.0007946870952736504 0.055938467528783675 0.06701263251174469 0.0006937075046039259 0.035081966679326164 0.0419671954602299 0.0007342021031387729 0.014638064558243125 0.017361031921628047 0.0010542251649047897 0.0 0.0 0.0 0.0 0.0 0.0 0.0 0.0 0.0 0.007 0.023 0.34 0.007 0.023 0.34 0.007 0.023 0.34 0.007 0.023 0.34 0.007 0.023 0.34 0.007 0.023 0.34 0.007 0.023 0.34 0.007 0.023 0.34 0.007 0.023 0.34 0.007 0.023 0.34 0.007 0.023 0.34 0.007 0.023 0.34 0.007 0.023 0.34 0.005010963605447442 0.0039453239129965045 0.0029895258835734217 0.004246286427412784 0.0033462377803201156 0.002538962366903876 0.004199535051953488 0.003311671092596704 0.00251532442048918 0.004468252566312985 0.0035255285108527026 0.0026799764908953024 0.00496394942908884 0.003918330494625183 0.002980489567557952 0.005662518259786261 0.004471016618119687 0.0034023299604934174 0.021365188175190963 0.005235185471464233 0.010300236357432558 0.020997924071752962 0.005513240682723961 0.010375652100697219 0.021161487682334525 0.005757511216907325 0.010594579509873006 0.02159978980362307 0.005956309385378744 0.010868585335199252 0.022294811586800082 0.006080133452384098 0.011171773631182071 0.02346557296499853 0.006038428071438321 0.011510800104124435 0.001717144317171634 0.0007564213049108834 0.0015138156885544554 0.0017954402322626207 0.0007911006162842954 0.0015828805306872078 0.001894480784823659 0.0008344463049625808 0.001670133752092669 0.0020153853632148356 0.0008868665217123539 0.0017765442139106393 0.07713077597225268 0.04113504834600591 0.06951259483063575 0.06981220597629598 0.04172218507529311 0.06386719856548292 0.064548660620689 0.042299899987541904 0.05983990489168407 0.058311839129664325 0.04322613047201479 0.05511908074464329 0.15204113636666594 0.17997488660687644 0.012690374393171902 0.1953857884242457 0.2337227994553055 0.004137150020003643 0.2167344224106796 0.25968899260345424 0.0024505530721965225 0.22427822039242887 0.2687950239212936 0.0022009683576557433 0.22149777000337384 0.26547085790059005 0.0021329066351987074 0.2110710172658859 0.25297495701821626 0.0020283400755917343 0.19510796072242728 0.2338428335677118 0.0018745423836758076 0.17527193155422602 0.2100687050450425 0.0016841798751013977 0.15287308547900258 0.18322273479922246 0.0014703299580846691 0.1289319167583617 0.15452725802867934 0.0012465799053067307 0.1042291900501076 0.12491536684855946 0.0010337911368194837 0.07935123274400388 0.09508253701632723 0.0008737917153545529 0.05472903998977807 0.06552941651532797 0.0008501055290010804 0.030657268824944232 0.03657943245492271 0.0011138667656940449 0.0072489523985115765 0.00831826666800809 0.0019145537960292536 0.0 0.0 0.0 0.0 0.0 0.0 0.007 0.023 0.34 0.007 0.023 0.34 0.007 0.023 0.34 0.007 0.023 0.34 0.007 0.023 0.34 0.007 0.023 0.34 0.007 0.023 0.34 0.007 0.023 0.34 0.007 0.023 0.34 0.007 0.023 0.34 0.007 0.023 0.34 0.007 0.023 0.34 0.007 0.023 0.34 0.0 0.0 0.0 0.0 0.0 0.0 0.0 0.0 0.0 0.0 0.0 0.0 0.01652715623024224 0.003851807004138342 0.007832047429814292 0.015652796740407145 0.0038768411072526076 0.007574659118098466 0.015375689140152759 0.003965640601710463 0.007548558566456134 0.01537107576287489 0.004079041338252948 0.00762490118820832 0.01555662729423156 0.004206303868722394 0.0077704672962412 0.015903606893314017 0.004340707870913419 0.007971623067489364 0.016408429301374036 0.00447508021347514 0.008222322013767377 0.017091823560631478 0.00459960027221543 0.00852233654181859 0.01802599752798413 0.004699709655504312 0.00888435409946202 0.019538134221403377 0.004756722613282911 0.009398296662385532 0.0003687471752008813 0.00016516407835705447 0.00032566059211437275 0.0004790285849221443 0.0002129452042211702 0.00042271436302332725 0.09081879097492088 0.046455318919512725 0.08142964986077582 0.08195248297521622 0.04642584521465304 0.0744335806037239 0.07558229114175521 0.046556434545464154 0.06943922228544167 0.06813560940686542 0.046992673160402156 0.06366089174415679 0.1626326364967978 0.18932414346628335 0.029478949561326295 0.23160609204089602 0.2764793765137934 0.007750493355466082 0.26057554585907494 0.312127818784163 0.0034010364645063714 0.27211620929279007 0.3261199979848132 0.0027120283655863043 0.2703719683575062 0.3240476102925138 0.0026047856935518593 0.25877593291886763 0.31015080042697424 0.0024864310804636382 0.24013871354577634 0.2878136128860003 0.0023069332463126206 0.21666572715518473 0.25968050280347577 0.0020815158995217383 0.19007235545111473 0.22780737167890147 0.0018268381394145603 0.16167383604037452 0.19376991242514466 0.0015588259856601577 0.1324554360512162 0.15874626579017667 0.0013005740819223967 0.10313498874993268 0.12358867945483923 0.0010993737541346743 0.07421448295649494 0.08888016235578172 0.0010530355469834968 0.04599745971956235 0.054948610478567375 0.0013436030737255422 0.01849152105800027 0.021740735898536114 0.0022824349184500004 0.0 0.0 0.0 0.007 0.023 0.34 0.007 0.023 0.34 0.007 0.023 0.34 0.007 0.023 0.34 0.007 0.023 0.34 0.007 0.023 0.34 0.007 0.023 0.34 0.007 0.023 0.34 0.007 0.023 0.34 0.007 0.023 0.34 0.007 0.023 0.34 0.007 0.023 0.34 0.007 0.023 0.34 0.007 0.023 0.34 0.0 0.0 0.0 0.0 0.0 0.0 0.0 0.0 0.0 0.012344658905170627 0.0028413377466283635 0.0058255161214152956 0.011482667209360847 0.0027594338291196947 0.005498653516348302 0.011092216101086898 0.002750994684770432 0.005370257167287587 0.010944307720827336 0.002780129310299572 0.005343797764111612 0.010967084096680218 0.0028360128288615616 0.005389285167707552 0.011130496982927071 0.002913723874348761 0.005493907813424585 0.011422770734473689 0.003010280694832442 0.005651922541466476 0.011843805877472845 0.0031232854758986403 0.005861653249134856 0.012405065206268108 0.003250344931832691 0.006125057657460941 0.013136104442504626 0.0033890349386923382 0.006449753770095437 0.014109180270283812 0.0035384623270832186 0.00685781851486359 0.015566299020896464 0.003711940473075266 0.0074343781172645906 0.0 0.0 0.0 0.10656199856001738 0.05328853673246062 0.09528713598584307 0.09582477403105788 0.0526307929870366 0.0866831454678674 0.08807073229124569 0.052250662273083004 0.0804897275470941 0.07900482833220662 0.05206327764610058 0.07330288460449733 0.06855057741972033 0.05204441105258109 0.06505719157559472 0.26056238444032875 0.30848819547454637 0.02147890197250578 0.2998105156344878 0.3585359394698794 0.006851908633763895 0.3174031471023119 0.38031013671652936 0.003584312867119829 0.3185442603914158 0.38177567627856035 0.0031069879605701432 0.30683509518840807 0.3677505558267704 0.002951234878708113 0.28592080541648296 0.3426847567197016 0.0027472322761577274 0.2587759329188676 0.3101508004269742 0.002486431080463638 0.22769064995752455 0.27289383893862484 0.0021892842626077096 0.1943911474346452 0.23298174787806533 0.0018774487525333914 0.1601437629879184 0.1919282261522967 0.001583271726033608 0.12584361512007353 0.15079464542835555 0.001372498439227736 0.09207879810937412 0.11026024046757359 0.001378558270286795 0.05912368071552378 0.07060481050390771 0.001848729426497451 0.026659213133541197 0.03135670459690133 0.003225230615829453 0.0 0.0 0.0 0.007 0.023 0.34 0.007 0.023 0.34 0.007 0.023 0.34 0.007 0.023 0.34 0.007 0.023 0.34 0.007 0.023 0.34 0.007 0.023 0.34 0.007 0.023 0.34 0.007 0.023 0.34 0.007 0.023 0.34 0.007 0.023 0.34 0.007 0.023 0.34 0.007 0.023 0.34 0.007 0.023 0.34 0.0 0.0 0.0 0.0 0.0 0.0 0.009143621130035317 0.002060443833887864 0.004284662521156487 0.008107170906452063 0.0018939817882505578 0.0038450117803636 0.007591885397242303 0.0018214476912348167 0.0036334474256480933 0.00732568478261314 0.001794400831598506 0.0035313028762681015 0.007226641173761598 0.0017988542266420204 0.003503256736072691 0.007259275039832766 0.0018288534434534403 0.003534083270325553 0.007406912690458257 0.0018814672289004138 0.003616535904615334 0.007663147029741243 0.0019552042670778983 0.003747579698013491 0.008029034696086283 0.002049392113951074 0.003927085163030367 0.008513126857501227 0.002163959809212755 0.004157688810613625 0.00913441999186645 0.0022995712534360615 0.004445811232059741 0.00993147220301416 0.002458530434844131 0.00480514072492884 0.010992561656807795 0.002648642058211792 0.005268751808444675 0.012617351148017267 0.002907327368307347 0.0059564133140170865 0.12391282079650719 0.06167436490779733 0.11074059558528522 0.11162445118694261 0.06064838577713954 0.10083581248484215 0.10259933076700974 0.05983554593150557 0.09354874947134359 0.09199557599169175 0.059065499913335505 0.08502621320572543 0.07953964328703132 0.05820922941415804 0.07502524762328819 0.06222773826748381 0.05565666392874694 0.06083702781630719 0.3340355170890271 0.39566715302401684 0.0265789330156576 0.35540786059187973 0.424876133529204 0.00885730137395504 0.36026669261603866 0.43162831967113086 0.004270916170646429 0.35031489638742763 0.41984283032244396 0.0034667113435040225 0.3283575385293031 0.39354261542358876 0.0031742009392174723 0.29810395518475363 0.3572845172456774 0.0028748382100460936 0.2626403430949107 0.3147790101919749 0.0025405381714923604 0.2242782203924259 0.26879502392129007 0.0022009683576556605 0.18467966898296792 0.22131637687777295 0.0019131905316690165 0.14497835030648626 0.17368169091171615 0.001788397288084438 0.10584014872955734 0.1266479043673338 0.0020382396357869854 0.06732819841285013 0.08021255152503946 0.003053104367847598 0.027617694864994796 0.032018812892798454 0.005662205700962673 0.007 0.023 0.34 0.007 0.023 0.34 0.007 0.023 0.34 0.007 0.023 0.34 0.007 0.023 0.34 0.007 0.023 0.34 0.007 0.023 0.34 0.007 0.023 0.34 0.007 0.023 0.34 0.007 0.023 0.34 0.007 0.023 0.34 0.007 0.023 0.34 0.007 0.023 0.34 0.007 0.023 0.34 0.007 0.023 0.34 0.0 0.0 0.0 0.006785147048880106 0.001497265648535277 0.003157735821024702 0.005315538668901815 0.00121759317796065 0.0025044065047027378 0.004645336164951028 0.0010927619449150048 0.002208320914815506 0.004266662446761208 0.001024994080809241 0.002042924178563469 0.004065937209375114 0.0009930020840561349 0.0019579475378733247 0.003996714840479163 0.0009882295410877696 0.0019329368304166427 0.004036336082753391 0.0010065373189550577 0.0019579373400683137 0.004173656919392068 0.0010458666442360223 0.0020280373974152486 0.0044045913192862895 0.0011053702769858393 0.00214137273589729 0.004730552451907246 0.0011850613457926214 0.0022983961169064297 0.005158523994956513 0.0012857240265773603 0.0025018384483365586 0.005702813241494491 0.0014090683987773092 0.0027573655143569523 0.006389927610531819 0.0015583461384151669 0.0030755316259488087 0.007272045334641696 0.0017403295489834439 0.003477367195889717 0.00847506376649224 0.001973153818015236 0.004014846268408372 0.010568335272010622 0.002351582885893423 0.004931760317820925 0.1284795914159434 0.07052491018171528 0.1162139896692215 0.11792683275504925 0.06910217001767535 0.10759351962484176 0.1054507570288087 0.06751503779645056 0.09742199361970633 0.09075050580278486 0.06559990172253446 0.08542760027094257 0.07032904163977487 0.061410625960632764 0.06844153691017468 0.340520258451584 0.38808158248157193 0.10325506179687531 0.3999194215145493 0.4696057914485057 0.05228086006264343 0.39557374821137853 0.4710231963932818 0.019185400631285102 0.38243537119170107 0.45768082042054936 0.007064696115497598 0.36026669261603605 0.4316283196711275 0.004270916170647207 0.32830701162830006 0.3934186561029236 0.003490000204428648 0.28937644479135405 0.34677078713813525 0.0030580926111109957 0.24640120679196997 0.2952421142162335 0.0027526595499754937 0.20156043453310418 0.24143596268183704 0.0026367245465156314 0.15625919306829633 0.1869990034390849 0.0029100737680219013 0.1110353835047613 0.13249855576661113 0.003963852352036438 0.06438943421485188 0.0759606514878894 0.006665071030795492 0.007 0.023 0.34 0.007 0.023 0.34 0.007 0.023 0.34 0.007 0.023 0.34 0.007 0.023 0.34 0.007 0.023 0.34 0.007 0.023 0.34 0.007 0.023 0.34 0.007 0.023 0.34 0.007 0.023 0.34 0.007 0.023 0.34 0.007 0.023 0.34 0.007 0.023 0.34 0.007 0.023 0.34 0.014143532670471642 0.009812459330419254 0.01629225740421528 0.016157023365102958 0.011209440203761883 0.01861160990205098 0.017532555309201014 0.012165049696671528 0.020195473057901703 0.0030663596344581074 0.0006962635485719918 0.0014405075205134186 0.002141621704690979 0.0005080683692694457 0.0010210274134078384 0.0016312834318280855 0.0004039346395596404 0.0007893396640879464 0.001331689332648146 0.0003433723083762963 0.0006537179488174563 0.0011739401927208667 0.0003127653249236368 0.000583186515002063 0.0011260329480497896 0.0003058082953294727 0.0005633705338648847 0.0011713946758290714 0.0003192505117863594 0.0005868359320950652 0.001301692792199209 0.0003514721404499659 0.0006498549766100561 0.001513996915145065 0.00040191143585010397 0.0007511221362843971 0.0018097593454918114 0.0004708367342707095 0.0008912775291530066 0.0021948992508959123 0.0005593144592254243 0.0010729114095974716 0.002681025189431264 0.0006693658917155461 0.0013010556003482225 0.0032886163613756545 0.0008044471219734785 0.001584511690965904 0.004054978013296476 0.0009707487086835034 0.0019392406958702196 0.005057955236580901 0.0011813285535635005 0.002398644618293554 0.006523905766114182 0.001475990927651234 0.0030611081774420297 0.14676062441981028 0.08310529687943985 0.13328853070728033 0.1340376956075159 0.08049304641280759 0.12270543859732047 0.11904761904929576 0.07753186557430153 0.11026117268301636 0.10132482986125127 0.07394316569764812 0.09552973996271712 0.07556609558524294 0.06669331040744804 0.07368824815243238 0.007 0.023 0.34 0.007 0.023 0.34 0.4553988893276739 0.524109623637943 0.11262739965811752 0.421023161403044 0.4948105039978262 0.052926420859384794 0.3801176368299977 0.45219652093843116 0.020543740151752334 0.34202238074455726 0.40857822861037246 0.010000792732270149 0.29981051563448136 0.3585359394698711 0.006851908633766638 0.2530242984383738 0.3025472133477812 0.005973477534262467 0.20330889726205828 0.24281204760007696 0.0062428372944900844 0.15159855837477262 0.18042641394655567 0.007787447963715773 0.09471968461200186 0.11131389670819025 0.011937527541487442 0.007 0.023 0.34 0.007 0.023 0.34 0.007 0.023 0.34 0.007 0.023 0.34 0.007 0.023 0.34 0.007 0.023 0.34 0.007 0.023 0.34 0.007 0.023 0.34 0.007 0.023 0.34 0.005184342434096236 0.01709652906414882 0.021287434061259245 0.0053788708269889495 0.01791340185773691 0.022323257945843333 0.005450299352779455 0.018932656263361686 0.023675973229772905 0.007 0.023 0.34 0.007 0.023 0.34 0.007 0.023 0.34 0.009363435148491275 0.0064961356664341345 0.010785954887229287 0.01089262288908128 0.007557074211800257 0.01254744962156808 0.0018063522428017884 0.0004054042708846735 0.0008453219135962188 6.583751113118299e-05 4.176656814516312e-05 4.932518752898158e-05 0.0 0.0 0.0 0.0 0.0 0.0 0.0 0.0 0.0 0.0 0.0 0.0 0.0 0.0 0.0 0.0 0.0 0.0 0.0 0.0 0.0 0.0 0.0 0.0 0.0 0.0 0.0 0.0 0.0 0.0 0.0 0.0 0.0 0.0005152226290601249 0.0001603553447780009 0.0002717887329595828 0.001198083829018175 0.0003103219190331239 0.0005890918195279217 0.0020738286091806423 0.0004997583448584455 0.0009940388563576463 0.003282819023499796 0.0007551774794765391 0.0015488929720974664 0.1668813355059103 0.09935952303507747 0.15259093405176616 0.15067047594151517 0.09428514816854242 0.13873701413837786 0.13206863489798643 0.08893128399831979 0.12293899160988883 0.11005376325322436 0.0826283298397796 0.10424940997551396 0.07089631220781786 0.06745130320944004 0.07016720616343815 0.007 0.023 0.34 0.007 0.023 0.34 0.007 0.023 0.34 0.007 0.023 0.34 0.3850248825699777 0.44162099440605224 0.10268859613246292 0.33788685463222123 0.39405066070432304 0.05770717577861808 0.28511639885162926 0.33506423622127324 0.035945802833026376 0.2296553440507433 0.2700532442258877 0.028125720454699143 0.16263263649679782 0.1893241434662834 0.029478949561326316 0.007 0.023 0.34 0.007 0.023 0.34 0.007 0.023 0.34 0.007 0.023 0.34 0.007 0.023 0.34 0.007 0.023 0.34 0.007 0.023 0.34 0.007 0.023 0.34 0.007 0.023 0.34 0.007 0.023 0.34 0.007 0.023 0.34 0.0042971048790735565 0.01408993559515504 0.01753521600071406 0.0045090617858715475 0.014762624386061953 0.018369997916536335 0.00470166287062872 0.015503802878839353 0.01930417504776469 0.004853179243890568 0.016341863593288274 0.020383773457984755 0.004930114122197879 0.017434957453746194 0.021834368916462458 0.005009626143019091 0.014744473637462674 0.00898759829821947 0.005230372308930623 0.015303980027042979 0.009346772799840728 0.005442436014154873 0.015879365460440092 0.009707301462412884 0.0 0.0 0.0 0.0 0.0 0.0 0.0 0.0 0.0 0.0 0.0 0.0 0.0 0.0 0.0 0.0 0.0 0.0 0.0 0.0 0.0 0.0 0.0 0.0 0.0 0.0 0.0 0.0 0.0 0.0 0.0 0.0 0.0 0.0 0.0 0.0 0.0 0.0 0.0 0.0 0.0 0.0 0.014217095288548346 0.003016814237422645 0.0065338622195653525 0.03530249675541414 0.007496205079995307 0.016227777223720593 0.028007075947360106 0.006141278025236856 0.013007450410457002 0.188129551457352 0.11919503056505842 0.17354016261318414 0.1665565346855411 0.10981905876368707 0.15454854380454439 0.14286736521274426 0.10070599646561863 0.13394428001693598 0.11438234767893785 0.09001390985807914 0.1092249807995928 0.007 0.023 0.34 0.007 0.023 0.34 0.007 0.023 0.34 0.007 0.023 0.34 0.007 0.023 0.34 0.007 0.023 0.34 0.007 0.023 0.34 0.007 0.023 0.34 0.007 0.023 0.34 0.007 0.023 0.34 0.007 0.023 0.34 0.007 0.023 0.34 0.007 0.023 0.34 0.007 0.023 0.34 0.007 0.023 0.34 0.007 0.023 0.34 0.007 0.023 0.34 0.007 0.023 0.34 0.007 0.023 0.34 0.007 0.023 0.34 0.007 0.023 0.34 0.003458710167087157 0.011526529482510161 0.01436492224236579 0.003646815135712212 0.0121119431819001 0.015090115748509039 0.0038341199907674624 0.012753053372386393 0.01589088218910606 0.004013282390577921 0.01346034957420167 0.01678398462941503 0.004175295422908883 0.014260883051437802 0.01780916019852027 0.004314514764761217 0.01524955640273564 0.019096685571160635 0.004173788979557576 0.01221788164044201 0.007460864266264877 0.004365618141978798 0.012744582244426273 0.007789532682805891 0.0 0.0 0.0 0.0 0.0 0.0 0.0 0.0 0.0 0.0 0.0 0.0 0.0 0.0 0.0 0.0 0.0 0.0 0.0 0.0 0.0 0.0 0.0 0.0 0.0 0.0 0.0 0.0 0.0 0.0 0.0 0.0 0.0 0.0 0.0 0.0 0.05446751663605196 0.011559179470964777 0.02503300927529824 0.11773418829377562 0.02498299172224801 0.05410819021094366 0.1739416513214239 0.036909313688850205 0.07993942198336505 0.2106073541161285 0.04468966024274055 0.09679018234352486 0.20637942474825482 0.043850944877069364 0.09488720544610417 0.20679688257850665 0.13956635014407723 0.1925681279982165 0.17850112151423378 0.12458640139219147 0.16709054222676836 0.14815284086940878 0.1104081800143634 0.1401645132959729 0.1070981302230398 0.09127849396920984 0.10375004247697378 0.007 0.023 0.34 0.007 0.023 0.34 0.007 0.023 0.34 0.007 0.023 0.34 0.007 0.023 0.34 0.007 0.023 0.34 0.007 0.023 0.34 0.007 0.023 0.34 0.007 0.023 0.34 0.007 0.023 0.34 0.007 0.023 0.34 0.007 0.023 0.34 0.007 0.023 0.34 0.007 0.023 0.34 0.007 0.023 0.34 0.007 0.023 0.34 0.007 0.023 0.34 0.007 0.023 0.34 0.007 0.023 0.34 0.007 0.023 0.34 0.007 0.023 0.34 0.002726805202830544 0.009280443732986298 0.01158612255739235 0.0028901685004620987 0.00980085500376444 0.012232149232070657 0.003059351506880727 0.010369817561818699 0.012941760872675843 0.0032315007276920477 0.010994499985655791 0.013725651989326267 0.003403391906521453 0.011688808967341955 0.014603756226121038 0.003572949221302278 0.012484354547390867 0.015619534869210274 0.0037477273862506206 0.013478079038938547 0.016901378272851864 0.0033456789305324596 0.009834858059588274 0.005997366478819719 0.0 0.0 0.0 0.0 0.0 0.0 0.0 0.0 0.0 0.0 0.0 0.0 0.0 0.0 0.0 0.0 0.0 0.0 0.0 0.0 0.0 0.0 0.0 0.0 0.0 0.0 0.0 0.0 0.0 0.0 0.037160480443343566 0.007895577978033535 0.017085174711668802 0.1224402347347318 0.02600621835556552 0.05628787478615799 0.21570437283948357 0.04580331104692685 0.09915466748287606 0.3116330508317172 0.06614533093745982 0.14323197599161544 0.39940406438760784 0.08475324098925323 0.18355808690885625 0.459181152791059 0.09743531200762605 0.21102866502871093 0.45643843144868734 0.09688092971580761 0.2097871130661619 0.21612458522899042 0.15442911032223366 0.2030672771968271 0.1812267776275316 0.13417154517461166 0.17126794895182373 0.14141976396844347 0.11316147260720581 0.13543914358544207 0.007 0.023 0.34 0.007 0.023 0.34 0.007 0.023 0.34 0.007 0.023 0.34 0.007 0.023 0.34 0.007 0.023 0.34 0.007 0.023 0.34 0.007 0.023 0.34 0.007 0.023 0.34 0.007 0.023 0.34 0.007 0.023 0.34 0.007 0.023 0.34 0.007 0.023 0.34 0.007 0.023 0.34 0.007 0.023 0.34 0.007 0.023 0.34 0.007 0.023 0.34 0.007 0.023 0.34 0.007 0.023 0.34 0.007 0.023 0.34 0.007 0.023 0.34 0.007 0.023 0.34 0.0020951352431141136 0.007279795383724978 0.00910384488583636 0.0022375542865025223 0.00774944597369056 0.009688620965886413 0.0023882488073703042 0.008262043692370593 0.01032854223710005 0.0025463148318240784 0.008823435921059003 0.011031831319597661 0.0027108577891128407 0.00944336270832221 0.011811969697554754 0.0028817239338931586 0.01013993247259593 0.012693490721773957 0.0030621958392375633 0.010953141381626402 0.013729307012048329 0.0032725701275003486 0.012007047707846085 0.01507998191173694 0.0 0.0 0.0 0.0 0.0 0.0 0.0 0.0 0.0 0.0 0.0 0.0 0.0 0.0 0.0 0.0 0.0 0.0 0.0 0.0 0.0 0.0 0.0 0.0 0.0 0.0 0.0 0.06987290751864227 0.014846805664113808 0.03212578639765508 0.17645156626775255 0.03751700400507617 0.0811444379618977 0.30030496888980296 0.06388264410067984 0.13812262580627294 0.4392204015236138 0.09340601286645607 0.2019966627145087 0.5856272094908852 0.12440618426494916 0.2692361638599374 0.7222815840178342 0.1532911744637187 0.3319622776839119 0.8153749585554129 0.17301738655695004 0.37472682510574584 0.8042535182947999 0.17068865758327847 0.3696370593912871 0.2092310990432132 0.1578274191572236 0.19835195947467124 0.16696063075509884 0.13248642475541733 0.15966446636731493 0.007 0.023 0.34 0.07812462079254254 0.05469685315169548 0.06063460942479944 0.08585321373115262 0.055584398904865606 0.06325601524789459 0.007 0.023 0.34 0.007 0.023 0.34 0.007 0.023 0.34 0.007 0.023 0.34 0.007 0.023 0.34 0.007 0.023 0.34 0.007 0.023 0.34 0.007 0.023 0.34 0.007 0.023 0.34 0.007 0.023 0.34 0.007 0.023 0.34 0.007 0.023 0.34 0.007 0.023 0.34 0.007 0.023 0.34 0.007 0.023 0.34 0.007 0.023 0.34 0.007 0.023 0.34 0.007 0.023 0.34 0.007 0.023 0.34 0.007 0.023 0.34 0.0015470809377017588 0.005473695014439921 0.0068551430278894435 0.0016726115873451648 0.005902656614101913 0.007390856672679964 0.0018070562775683598 0.006369800935433975 0.007975050247004196 0.0019504547544179718 0.006880182979489724 0.008614543201879751 0.002103004924428724 0.007441526305706998 0.009319706746360588 0.0022654937300749696 0.00806663119653493 0.010107567655318755 0.0024405844566948213 0.008779488087872694 0.01100961961024857 0.0026373808348481445 0.00963516609325737 0.012097103109437533 0.0 0.0 0.0 0.0 0.0 0.0 0.0 0.0 0.0 0.0 0.0 0.0 0.0 0.0 0.0 0.0 0.0 0.0 0.0 0.0 0.0 0.0 0.0 0.0 0.08489817463124963 0.0180278489222533 0.03902608486173568 0.20968985852416896 0.044578171623379806 0.0964255960399514 0.36164977729727776 0.07701274638373745 0.16639283342333397 0.5431452356576694 0.11581485474142644 0.2500026886939228 0.7522689563014187 0.16036664983105023 0.346232415439494 0.9776837134719467 0.20798276495585077 0.44967983983057314 1.1898179944511638 0.2525792046180561 0.5468855509964894 1.3261258249231993 0.28139550252421996 0.6094557231119284 1.270616221258355 0.26976768218141794 0.5840483969887692 0.17799080983459797 0.143968491421791 0.1707902835049804 0.007 0.023 0.34 0.07916882260670549 0.055622290792844684 0.06159014778762827 0.11203379448825397 0.06314919084044003 0.07553896977362023 0.11249349234955378 0.061238135634521865 0.07422878077538592 0.09245938370919128 0.05452510641506871 0.06413953047893557 0.007 0.023 0.34 0.007 0.023 0.34 0.007 0.023 0.34 0.007 0.023 0.34 0.007 0.023 0.34 0.007 0.023 0.34 0.007 0.023 0.34 0.007 0.023 0.34 0.007 0.023 0.34 0.007 0.023 0.34 0.007 0.023 0.34 0.007 0.023 0.34 0.007 0.023 0.34 0.007 0.023 0.34 0.007 0.023 0.34 0.007 0.023 0.34 0.007 0.023 0.34 0.007 0.023 0.34 0.007 0.023 0.34 0.0010658315574949445 0.003824080323710383 0.004794478026214722 0.0011779676884455725 0.0042198042737781735 0.0052899728785666825 0.001298813195572091 0.004649589742267184 0.005828448553823839 0.001428872501552198 0.005117903785618875 0.00641576622876492 0.0015688735867081106 0.005631234266818305 0.007060440188709035 0.0017200574414872134 0.006199610705736844 0.007775591904067281 0.001884932783920487 0.006840082156272961 0.00858338596026389 0.002069512437738004 0.0075862508764567415 0.0095271310362965 0.0 0.0 0.0 0.0 0.0 0.0 0.0 0.0 0.0 0.0 0.0 0.0 0.0 0.0 0.0 0.0 0.0 0.0 0.0 0.0 0.0 0.0 0.0 0.0 0.21570437283948346 0.04580331104692682 0.099154667482876 0.38931981505704094 0.08280198714004953 0.17905295649031155 0.6069361768884701 0.12940731943979572 0.2793581909258262 0.8748620918712842 0.18694166713824933 0.40295849123740024 1.1924444555014995 0.2547707646749895 0.5492136761676637 1.5411871213819028 0.3282072700886694 0.7091002422290297 1.8651537042401276 0.3959360062227809 0.8572913165541154 2.0367365195331733 0.43218249936351205 0.936035344940944 1.8173106759497728 0.38821757203504503 0.836973187583834 0.007 0.023 0.34 0.007 0.023 0.34 0.09136717724409316 0.060872565956057556 0.06860141030210183 0.12911010850824317 0.07718438767756981 0.09034493627632771 0.13017494930959506 0.07623881958211373 0.08990890533445484 0.09869698869764623 0.05744560052244857 0.06790074471998894 0.007 0.023 0.34 0.007 0.023 0.34 0.007 0.023 0.34 0.007 0.023 0.34 0.007 0.023 0.34 0.007 0.023 0.34 0.007 0.023 0.34 0.007 0.023 0.34 0.007 0.023 0.34 0.007 0.023 0.34 0.007 0.023 0.34 0.007 0.023 0.34 0.04071134239455109 0.056941465928083364 0.0783633916879293 0.03594565001673027 0.054075711765539596 0.07800534089017326 0.03229219869200473 0.049729934416922465 0.07274577156364703 0.030091811443839437 0.04519391944208121 0.06512699239048542 0.029355541265358814 0.04087089770578577 0.056069864630180044 0.030097740181126834 0.03689130638247043 0.04585804471376569 0.0012134481545988606 0.00635932733812667 0.013151305329601527 0.0006368591874310596 0.002301856716669021 0.002887630486184675 0.0007384273748472312 0.002669999289201969 0.0033495583524997944 0.0008481272384755289 0.0030686397743173366 0.0038498529446288473 0.0009666776222942564 0.00350176554691938 0.004393651560913002 0.0010950494952712438 0.003974995326160458 0.004988208076171549 0.0012346807287384766 0.004496649410875334 0.005644264141482077 0.0013879828386033264 0.005080032585852298 0.006378956974451949 0.0015596806068446656 0.005749080117243362 0.007222980408456676 0.0017612460275747836 0.0065563413655872465 0.008243335503422426 0.0 0.0 0.0 0.0 0.0 0.0 0.0 0.0 0.0 0.0 0.0 0.0 0.0 0.0 0.0 0.0 0.0 0.0 0.0 0.0 0.0 0.0 0.0 0.0 0.0 0.0 0.0 0.9261422638875443 0.1973895445623985 0.42622829149062036 1.3213939281073475 0.28230357193771644 0.6085927626953933 1.802718748459818 0.38504107556502115 0.8302120829731151 2.335088479484328 0.4968017811353908 1.0740500210247015 2.7983709035314246 0.5938264197983729 1.286084827660191 2.9041695005361072 0.6164065870842413 1.3347967686920599 2.185051290931091 0.5302598200286938 1.0498879415943834 0.007 0.023 0.34 0.007 0.023 0.34 0.06743968861171094 0.054025673040932434 0.057425448739750334 0.12395251470455504 0.07798207021117634 0.0896332569291127 0.12638295553143336 0.0775038215484368 0.08989221419773887 0.09494568853789097 0.060229656071573746 0.0690284175547102 0.007 0.023 0.34 0.007 0.023 0.34 0.007 0.023 0.34 0.007 0.023 0.34 0.007 0.023 0.34 0.007 0.023 0.34 0.007 0.023 0.34 0.007 0.023 0.34 0.007 0.023 0.34 0.007 0.023 0.34 0.05012149123652077 0.06537964026242278 0.08551866970297085 0.04488908825101523 0.0689692992352727 0.10075245177384883 0.03775373483127544 0.064553763699449 0.09992676795228819 0.031859884143204766 0.05875057015423908 0.09424323157296183 0.02772541972511617 0.052925954983772186 0.08618780874008919 0.025260250117751633 0.04745060838397221 0.0767393692724055 0.024271539583878753 0.042437003757391754 0.06641336007496106 0.02467313878955708 0.03799530921886052 0.055579066071168484 0.026540446519854516 0.034262474433618254 0.04445467712032838 0.0002483937837556502 0.000884594145456711 0.0011084199935415529 0.0003416137968064631 0.0012295170792524888 0.001541896193089238 0.00044225839416474696 0.0016018741378110654 0.0020098462058875228 0.000551124695222961 0.002005246914046418 0.002516831248857131 0.0006692719579962016 0.002444593359259987 0.0030691808983154116 0.0007981940543149051 0.0029270638322531277 0.0036760355590769937 0.0009401961628856726 0.003463659318057064 0.004351455545187292 0.0010993135531801152 0.004073066621340879 0.005119282314611323 0.0012840227899631087 0.004792590400315609 0.006026962727376872 0.0 0.0 0.0 0.0 0.0 0.0 0.0 0.0 0.0 0.0 0.0 0.0 0.0 0.0 0.0 0.0 0.0 0.0 0.0 0.0 0.0 0.0 0.0 0.0 0.0 0.0 0.0 0.0 0.0 0.0 1.893036538826888 0.40295683531341486 0.8708631128926851 2.599208823685798 0.552845276903599 1.1954326146755707 3.356977643646556 0.7124949354613286 1.5429002199518769 3.8679448127776648 0.8207713778139237 1.7776272934608752 3.532885818322063 0.8193808877490448 1.6714601344253535 0.007 0.023 0.34 0.007 0.023 0.34 0.007 0.023 0.34 0.007 0.023 0.34 0.007 0.023 0.34 0.06743968861171094 0.054025673040932434 0.05742544873975034 0.007 0.023 0.34 0.007 0.023 0.34 0.007 0.023 0.34 0.007 0.023 0.34 0.007 0.023 0.34 0.007 0.023 0.34 0.007 0.023 0.34 0.007 0.023 0.34 0.007 0.023 0.34 0.007 0.023 0.34 0.05552397650899679 0.06957083517297022 0.08811109845790398 0.0535459294310832 0.08160665380246376 0.11864363340457705 0.04467971883937606 0.07738894008124426 0.1205614093269654 0.035958108599742473 0.07010988765447901 0.1151863699108038 0.029138289283852606 0.06257604214794593 0.1067100906627812 0.024553201851756263 0.055675414129349066 0.09675321119696392 0.021854338901343473 0.04944465585343477 0.08586075091378376 0.020647472674743355 0.04377991831147018 0.07431212788152179 0.0207441869100102 0.038707137133531924 0.062416197962371064 0.022177905917214285 0.03439073039967872 0.05051027618384093 0.0 0.0 0.0 0.0 0.0 0.0 7.115646485179292e-05 0.00022999253832424295 0.00028587370562880107 0.00017196932236362717 0.0006079670062260743 0.0007613582289104047 0.0002813636035044148 0.0010184314245949067 0.0012777441192788883 0.0004008125173627845 0.0014676833772306575 0.0018430262556415563 0.0005325024698231997 0.001965185021183328 0.002469226525084914 0.0006800312333589021 0.0025264434123756702 0.003176041867141716 0.000850319932979062 0.0031806778151573655 0.00400053640172768 0.0 0.0 0.0 0.0 0.0 0.0 0.0 0.0 0.0 0.0 0.0 0.0 0.0 0.0 0.0 0.0 0.0 0.0 0.0 0.0 0.0 0.0 0.0 0.0 0.0 0.0 0.0 0.0 0.0 0.0 2.5249354467786573 0.5358330781719386 1.1604395893701929 3.4485516173023467 0.7317625609163926 1.5848730699343123 4.2710721981049025 0.9066403764387837 1.9631199500703984 4.480085401330885 1.1599819768513053 2.202541801579756 0.007 0.023 0.34 0.007 0.023 0.34 0.007 0.023 0.34 0.007 0.023 0.34 0.007 0.023 0.34 0.007 0.023 0.34 0.007 0.023 0.34 0.007 0.023 0.34 0.007 0.023 0.34 0.007 0.023 0.34 0.007 0.023 0.34 0.007 0.023 0.34 0.007 0.023 0.34 0.007 0.023 0.34 0.007 0.023 0.34 0.007 0.023 0.34 0.007 0.023 0.34 0.06491142915498109 0.09240098427427537 0.1286840851219097 0.057931909430508285 0.09338044907469893 0.1401685085114554 0.0470330463369398 0.08598561246176291 0.1373985901854048 0.036177257542170535 0.07589399292270399 0.1283155875573609 0.027915208344028324 0.06638417710716145 0.11715886105821578 0.02265838890783649 0.05834465721976703 0.10544649158625764 0.019670173329139992 0.05140312046905814 0.09328701841770776 0.018253267018403036 0.04515184390691172 0.08065492039062683 0.018085367012519622 0.03949328933962687 0.067749323362803 0.019155408406313832 0.034572764383393656 0.05492192897673562 0.0 0.0 0.0 0.006872255254230803 0.0261926550676951 0.03298989243804861 0.015402898383467718 0.058620484106336704 0.07382514816961458 0.02597584949335274 0.09861460810216595 0.12417012917413806 0.0 0.0 0.0 3.458292931697831e-05 0.00010075368146087283 0.00012403365049046974 0.00015720292331910003 0.0005652302106643008 0.000708780983549133 0.0002944567446575984 0.0010867694539119785 0.0013655182173095532 0.0004523664139514671 0.0016898922525493316 0.0021252743853265917 0.0 0.0 0.0 0.0 0.0 0.0 0.13812165357570538 0.21813734201778578 0.1708186404348691 0.0 0.0 0.0 0.0 0.0 0.0 0.0 0.0 0.0 0.0 0.0 0.0 0.0 0.0 0.0 0.0 0.0 0.0 0.0 0.0 0.0 2.9041695005361654 0.6164065870842531 1.3347967686920863 3.7190701286761394 0.8042453754204613 1.7195419175288529 4.265072946016138 1.3776174977798141 2.2843196877865424 0.007 0.023 0.34 0.007 0.023 0.34 0.007 0.023 0.34 0.007 0.023 0.34 0.007 0.023 0.34 0.007 0.023 0.34 0.007 0.023 0.34 0.007 0.023 0.34 0.007 0.023 0.34 0.007 0.023 0.34 0.007 0.023 0.34 0.007 0.023 0.34 0.007 0.023 0.34 0.007 0.023 0.34 0.007 0.023 0.34 0.007 0.023 0.34 0.007 0.023 0.34 0.06738242976507261 0.08437503089710917 0.10680334077195942 0.07338070135316474 0.10716676483131987 0.15176054392678706 0.0663456458646682 0.10679931996797006 0.16019359029274627 0.05319548654945896 0.09657359911743038 0.1538277971593282 0.038790698715355655 0.08250949211013478 0.14021335027720658 0.028071743747176685 0.07017145043004266 0.1257382974234351 0.021771441910593197 0.06074247662958626 0.11217983080682567 0.018407894175275816 0.053100312868519475 0.09889037824545344 0.016786842154887238 0.046343697756500324 0.08535540121544755 0.016401613187624984 0.040198447719468865 0.07160757542002386 0.017188281390056254 0.03477021412156892 0.05797637499341405 0.0008328278027934258 0.0031474653523273213 0.0039617932649179755 0.008017052506257644 0.03053247987243309 0.03845378097284784 0.01686985303200214 0.0641205633827183 0.08074414763938635 0.027892819657590735 0.10568457642508801 0.1330530077883451 0.041742359895701096 0.1575740398684504 0.19832554767280283 0.05923754359992135 0.22285211300525504 0.28041443450137615 0.0 0.0 0.0 0.0 0.0 0.0 8.395885500942742e-05 0.00029960361587650194 0.00037547102242287806 0.0 0.0 0.0 0.0 0.0 0.0 0.12321288175689102 0.19243235698700373 0.15149818825194764 0.11446531259373627 0.16446897670154162 0.1348984199015166 0.007 0.023 0.34 0.11702122330956194 0.03434963605355211 0.060309693467473946 0.40560130471760913 0.09115024129041695 0.18989235973021099 0.7725378536482613 0.16824004110277302 0.3579981723965186 1.2404114688906362 0.2698990980570314 0.5746538233986603 1.7798246477158681 0.39988713860564595 0.8332071963564602 2.231706039404408 0.6077942165703012 1.1177256882544289 0.007 0.023 0.34 0.007 0.023 0.34 0.007 0.023 0.34 0.007 0.023 0.34 0.007 0.023 0.34 0.007 0.023 0.34 0.007 0.023 0.34 0.007 0.023 0.34 0.007 0.023 0.34 0.007 0.023 0.34 0.007 0.023 0.34 0.007 0.023 0.34 0.007 0.023 0.34 0.007 0.023 0.34 0.007 0.023 0.34 0.007 0.023 0.34 0.007 0.023 0.34 0.007 0.023 0.34 0.007 0.023 0.34 0.07793245374524471 0.10231316175162558 0.13449293634213383 0.08368652181067095 0.12099434325849999 0.1702364441991233 0.07892791236522068 0.1223744951452658 0.17971906611604327 0.06357315802575397 0.109644936193896 0.1704544678960391 0.04378904322848161 0.0899535139262245 0.15088538927433554 0.029344708550659307 0.07365515316533268 0.13213992396576255 0.021617341260480726 0.06256930258840956 0.11662125564190844 0.017807452240507716 0.05425739795912255 0.10236720005159278 0.015995578714356914 0.04709740219418468 0.08814828835682997 0.015447130168915866 0.040593034580153814 0.07378278180227411 0.01603876821347946 0.034798190215932535 0.059558503629684456 0.0015919552699870136 0.006044751450790356 0.007611319063000486 0.008974688372913393 0.034169298902759306 0.04303318111422495 0.018095245326266357 0.06873421798052357 0.08654984916026505 0.029486971314365507 0.11161006819007889 0.14050233690305583 0.043853215630884505 0.16529038186966638 0.20801399279270927 0.06207957143383692 0.2330491446893591 0.2931990786320278 0.0851740039461671 0.31900652774348276 0.401272691203078 0.0 0.0 0.0 0.0 0.0 0.0 0.0 0.0 0.0 0.2190750325260286 0.8377007454458756 1.0553435403527363 0.10514982012025578 0.15622336066097353 0.12602011338930152 0.007 0.023 0.34 0.007 0.023 0.34 0.007 0.023 0.34 0.007 0.023 0.34 0.007 0.023 0.34 0.007 0.023 0.34 0.007 0.023 0.34 0.007 0.023 0.34 0.007 0.023 0.34 0.007 0.023 0.34 0.007 0.023 0.34 0.007 0.023 0.34 0.007 0.023 0.34 0.007 0.023 0.34 0.007 0.023 0.34 0.007 0.023 0.34 0.007 0.023 0.34 0.007 0.023 0.34 0.007 0.023 0.34 0.007 0.023 0.34 0.007 0.023 0.34 0.007 0.023 0.34 0.007 0.023 0.34 0.007 0.023 0.34 0.007 0.023 0.34 0.007 0.023 0.34 0.007 0.023 0.34 0.08338363436785577 0.10961077242660067 0.14422762566415495 0.09229332064256028 0.13076844719843297 0.18155125873882075 0.09101790608901197 0.13549109108018792 0.19419066075484478 0.0745615020855885 0.12156601873482473 0.18360665964288791 0.049368783258040116 0.09637162934834662 0.15841006530773538 0.03106328021938498 0.07610926416810089 0.13556486362394748 0.021922977647149563 0.06350022451679543 0.11837748370094037 0.017686198678805384 0.05464733504049808 0.10343185091333584 0.015713435908721412 0.04721260363286551 0.08878793921730728 0.01509716222948206 0.04068448033864361 0.07445684367251204 0.01562461384551634 0.03488585807611736 0.06030852002306535 0.0021890555780104057 0.008328553342754392 0.0104885305712089 0.009726814728142711 0.03704242649473357 0.0466525121496146 0.01905024640814272 0.07237536672197406 0.09113602923803504 0.03071037342099394 0.11626362223546556 0.14636267534054756 0.04543441079882533 0.17129209070481843 0.21557091171590448 0.06413794361010701 0.24085778037195446 0.3030307524697308 0.08785969510862934 0.3292310086745846 0.41414944351765953 0.11749034617960004 0.44115805448323236 0.5550297271038436 0.15313861816148466 0.579916978234366 0.7300646897700217 0.1934083975094664 0.7398165809288727 0.932052050156432 0.222055319712284 0.8455074025649062 1.0648481945311936 0.007 0.023 0.34 0.007 0.023 0.34 0.007 0.023 0.34 0.007 0.023 0.34 0.007 0.023 0.34 0.007 0.023 0.34 0.007 0.023 0.34 0.007 0.023 0.34 0.007 0.023 0.34 0.007 0.023 0.34 0.007 0.023 0.34 0.007 0.023 0.34 0.007 0.023 0.34 0.007 0.023 0.34 0.007 0.023 0.34 0.007 0.023 0.34 0.007 0.023 0.34 0.007 0.023 0.34 0.007 0.023 0.34 0.007 0.023 0.34 0.007 0.023 0.34 0.007 0.023 0.34 0.007 0.023 0.34 0.007 0.023 0.34 0.007 0.023 0.34 0.007 0.023 0.34 0.007 0.023 0.34 0.007 0.023 0.34 0.08350742327994636 0.10805653359756304 0.14045858017519613 0.09391778245537845 0.13124040752317043 0.18050204756632535 0.09375195154494013 0.1373208356178098 0.19482683045019916 0.07767504855434376 0.12396933177992442 0.18507254496956774 0.05162693557614559 0.09808668948737242 0.15940830525023214 0.03227723423858349 0.07693096106485763 0.13586882552390284 0.022572619034495634 0.06389801996408302 0.11844287101715582 0.018108429519464002 0.05495188971226447 0.1035810863635015 0.016060816273590735 0.047573540651629574 0.08916676948455375 0.015401702828211357 0.040979875927344304 0.07474016888322076 0.015919251982433623 0.0351423948520448 0.060514767315688056 0.0026103749090954794 0.009947290620782263 0.0125285393599443 0.0102547085744276 0.03908333761606984 0.04922572786419238 0.019708285638863978 0.07495018146821852 0.0943851974288502 0.03152367162282247 0.11951237584032094 0.15046826258441215 0.04642529482077919 0.17538403180969742 0.2207538561796771 0.06531626168645736 0.2459802145343479 0.30954079214297825 0.08920489381443138 0.33554257818549743 0.4222082647188819 0.11893299345594828 0.4486420038169084 0.56463910678607 0.1546006915895812 0.587911554797663 0.740357509374935 0.19444134495289067 0.7442837424181983 0.9377274251545861 0.2201002158207925 0.8030218757574695 1.0081033921424876 0.007 0.023 0.34 0.007 0.023 0.34 0.007 0.023 0.34 0.007 0.023 0.34 0.007 0.023 0.34 0.007 0.023 0.34 0.007 0.023 0.34 0.007 0.023 0.34 0.007 0.023 0.34 0.007 0.023 0.34 0.007 0.023 0.34 0.007 0.023 0.34 0.007 0.023 0.34 0.007 0.023 0.34 0.007 0.023 0.34 0.007 0.023 0.34 0.007 0.023 0.34 0.007 0.023 0.34 0.007 0.023 0.34 0.007 0.023 0.34 0.007 0.023 0.34 0.007 0.023 0.34 0.007 0.023 0.34 0.007 0.023 0.34 0.007 0.023 0.34 0.007 0.023 0.34 0.007 0.023 0.34 0.007 0.023 0.34 0.07711165909952851 0.09642455219554028 0.12191538479800566 0.08798568178206728 0.12254896698015277 0.1681685907618227 0.08575168273867392 0.1270839199895802 0.18163779421289944 0.071027688001135 0.11537503822858403 0.17390852026003864 0.04936953843810236 0.0940894073596653 0.15311457189698474 0.032577145852104986 0.07565486098227933 0.13251256841228248 0.02342805654875294 0.06331274354271013 0.11595601529440044 0.018958077287461614 0.05447372061802021 0.10135034932442 0.016872600143686838 0.047150467842915295 0.08711382564972724 0.01623584187260444 0.040652255643131185 0.07287915780029977 0.016835999173643618 0.034947891823257096 0.05885353979375518 0.002840752429652626 0.010841158901356238 0.013655834703747458 0.01053948490638966 0.04021451913132392 0.05065468877313811 0.02004614178493438 0.07635632093006497 0.09616717669454264 0.03189930500698549 0.12121860274897318 0.15264261438264903 0.04679598631265707 0.17737717678216913 0.2233178072191261 0.0655901748837801 0.24815163941123566 0.31237979312716957 0.08921389792254082 0.3375607464991003 0.4249332903518266 0.11842946519007101 0.4496515048739148 0.5661809166749452 0.1533047445373762 0.5855750246222623 0.7376548847832571 0.19022694672026058 0.7282520583892805 0.9175382238172172 0.06086029930316272 0.09085721411860455 0.048525251927870286 0.007 0.023 0.34 0.007 0.023 0.34 0.007 0.023 0.34 0.007 0.023 0.34 0.007 0.023 0.34 0.007 0.023 0.34 0.007 0.023 0.34 0.007 0.023 0.34 0.007 0.023 0.34 0.007 0.023 0.34 0.007 0.023 0.34 0.007 0.023 0.34 0.007 0.023 0.34 0.007 0.023 0.34 0.5212048286414448 0.7332545635721117 0.5240785352595534 1.1806522382526718 0.7457099646520088 1.0367907047438012 1.405846249518314 0.7342413469831555 1.1837061701212668 1.0866099932451698 0.5959661408199812 0.9243246020546275 0.001120132036538328 0.017351789575594037 0.0013401041185977978 0.0010880752210045092 0.017594724366085168 0.0013117740004749264 0.007 0.023 0.34 0.007 0.023 0.34 0.007 0.023 0.34 0.007 0.023 0.34 0.007 0.023 0.34 0.007 0.023 0.34 0.007 0.023 0.34 0.007 0.023 0.34 0.007 0.023 0.34 0.07860691400651422 0.10754650518665353 0.14574348948565807 0.07467967604274649 0.111529706145441 0.16016757433400228 0.062035021578160335 0.10245922235395372 0.15581459122289829 0.04577059429208173 0.08695877807129362 0.1413225180193124 0.0326076268232478 0.07246917434885472 0.12508190462178811 0.02460356273978025 0.06154123852927316 0.11029478910262266 0.02032772012615091 0.053129563969269704 0.09642428456345248 0.018278653742767617 0.04604258567974524 0.08268783286634565 0.017729442258612532 0.03979627669603452 0.06892200011376537 0.018500218163952843 0.03438341629996703 0.055347439808207624 0.0028627286677981646 0.01093928204575054 0.013780747593788233 0.010560711780696962 0.040345501548235775 0.05082428501186514 0.02004161113438825 0.0764770083413743 0.0963319178986153 0.03181718974495332 0.12123009142556491 0.15268703447866108 0.046538377906291374 0.17707114333912277 0.22299473704432657 0.06498568927386082 0.24710361024097158 0.3111757179696142 0.08798840441172358 0.334904369661811 0.4217735050078181 0.11618328869520408 0.44351238254075015 0.5586721913735028 0.14914904205348573 0.5708683623480142 0.7192362197102815 0.1779307041575946 0.6810996081386761 0.8581227810937475 0.06553452232188113 0.09906685342244506 0.051745674526223064 0.007 0.023 0.34 0.007 0.023 0.34 0.007 0.023 0.34 0.007 0.023 0.34 0.007 0.023 0.34 0.007 0.023 0.34 0.007 0.023 0.34 0.007 0.023 0.34 0.007 0.023 0.34 0.007 0.023 0.34 0.007 0.023 0.34 0.007 0.023 0.34 0.11859681079802044 0.12205936940478634 0.11625022327549232 0.5132896966627284 0.7582348058543449 0.5166092027285456 0.7202644520775187 1.403796640361762 0.7295277080481284 2.0228599390523505 0.9868153012881354 1.680177750129855 2.102394301492379 0.9361429698923452 1.7166449384061246 1.547480919440395 0.5958386145021035 1.2327156513808541 0.932108866749006 0.4585167918829371 0.7754635225660793 0.36264173429528307 0.7199697856849345 0.3674842585571033 0.3057727166510301 0.46858542076706206 0.3079791610282579 0.003510898224361461 0.0052344178633790175 0.0023428632135322025 0.007 0.023 0.34 0.007 0.023 0.34 0.007 0.023 0.34 0.007 0.023 0.34 0.007 0.023 0.34 0.007 0.023 0.34 0.007 0.023 0.34 0.0680659765436983 0.0866567729897913 0.11119451975812644 0.06610543967624609 0.09587495195809617 0.13516733816150686 0.05588939326043246 0.09026960966566833 0.13564760336477805 0.04363328777662345 0.07942034112183353 0.12665520032304936 0.033332671099275714 0.06828654864133381 0.11442171010068423 0.026442536246541685 0.058884981410025246 0.1017053364322254 0.022447822842657554 0.051108315209257175 0.08893692066931107 0.020498915364453807 0.04442197041275462 0.07599769490644696 0.020098843582093715 0.038566720717710515 0.0629422279110953 0.02111886372781726 0.033567944938004225 0.04999932285770624 0.002654684610899896 0.010154392777229473 0.01279291460426718 0.010293097487330292 0.039364913484745356 0.049592860940778756 0.01966712554124504 0.0751680819808108 0.09469423976448525 0.031251575409146436 0.11935703283862933 0.15035399530078386 0.045637204467217966 0.17420876932437337 0.2194423801113948 0.06351064848665998 0.24246490223320175 0.30542397931720794 0.08555232711438396 0.3269494002833392 0.41187689778235537 0.11204979523403434 0.42880056299592606 0.5402387411136925 0.14078768050696647 0.5389821266420233 0.6790735427653166 0.14732656326103885 0.5288721377278506 0.6631062044292779 0.06280631671872271 0.09386981084064255 0.05003268069670252 0.007 0.023 0.34 0.007 0.023 0.34 0.007 0.023 0.34 0.007 0.023 0.34 0.007 0.023 0.34 0.007 0.023 0.34 0.007 0.023 0.34 0.007 0.023 0.34 0.007 0.023 0.34 0.007 0.023 0.34 0.007 0.023 0.34 0.12452890271385299 0.13043091961796388 0.12052908616262574 0.4803586730093865 0.7755413898734381 0.4843590011742902 0.60552690493648 1.2101619393761458 0.613720943474551 0.8964200411691752 1.9728561501415074 0.911007947026904 0.9291502097638663 2.1044486948414347 0.9450779025569027 0.7904873016106231 1.948178621044537 0.8061763813799135 0.5860255258050435 1.622505490396587 0.6000719443716954 0.4256870381354674 1.2592692090591704 0.43698377756362117 0.32759957616173957 0.9358033562255743 0.335841978485419 0.2722695365074718 0.6523087642339962 0.27741984355320193 0.2426267424148768 0.4080681835149469 0.2448688115424527 0.0 0.0 0.0 0.007 0.023 0.34 0.007 0.023 0.34 0.007 0.023 0.34 0.007 0.023 0.34 0.007 0.023 0.34 0.007 0.023 0.34 0.007 0.023 0.34 0.0597366972448298 0.07824052865697695 0.1026634914252371 0.0530176429286078 0.07876680245840115 0.11275277814651197 0.04362451409065767 0.07191280635994399 0.10925014982584362 0.035297631351782294 0.06350803462123662 0.10074257342465404 0.029300580265099074 0.05558662384860868 0.09028122571054942 0.025608685916800083 0.04859298604277238 0.07892966030919668 0.023812476007688994 0.042447576503806844 0.06704379960280774 0.023614277953349447 0.03707867711421497 0.05485015979141548 0.024941360284195243 0.03251621095342616 0.042514156338310634 0.0021878273797021845 0.00837360030867047 0.010549857908060442 0.009701167233630566 0.037126688389895114 0.046775441992544076 0.018879536154791328 0.07223547823845555 0.0910069843647809 0.03015021126006289 0.11533187423328851 0.14530019727114635 0.04402540922801867 0.16839796744055652 0.2121542979870694 0.06105525036768848 0.23359535177370638 0.2942978235902705 0.08162841007204516 0.31244275719085174 0.39364707599363025 0.10509407502257759 0.40233459214456446 0.5069087402197379 0.12454301804032634 0.47662735497819836 0.600496469264458 0.08963983316413697 0.11507941657046804 0.2440733922581507 0.11392642178725161 0.14577937780753122 0.30729300673897897 0.144302548471801 0.1801872207854898 0.36214407416857036 0.1792854915751102 0.21414225186709077 0.39088697358042424 0.007 0.023 0.34 0.007 0.023 0.34 0.007 0.023 0.34 0.007 0.023 0.34 0.007 0.023 0.34 0.007 0.023 0.34 0.007 0.023 0.34 0.007 0.023 0.34 0.0 0.0 0.0 0.39447193300420125 0.6023105251855887 0.3972885700447772 0.4825901478961556 1.0242043766304112 0.48993012591633256 0.6038301995695126 1.4692397563704656 0.6155582650234332 1.0137400946058959 2.381105350356214 1.0322706840740046 1.0749964235279155 2.537303113569739 1.0948136631686616 0.833618509440489 2.2601096447324642 0.8529503752289666 0.5399646633931083 1.8169313373156606 0.5572701676096321 0.3592201064939075 1.4030623142697445 0.37336629847913855 0.2668095856633818 1.053556492850868 0.27747161169562573 0.22067751079179934 0.7521775470412823 0.22788042086473353 0.19983029237404998 0.4980238774439655 0.20387142394713656 0.194142150541114 0.2861886218276317 0.195389568057557 0.002470661596127468 0.003683523229610908 0.0016487012197387472 0.007 0.023 0.34 0.007 0.023 0.34 0.007 0.023 0.34 0.007 0.023 0.34 0.007 0.023 0.34 0.007 0.023 0.34 0.007 0.023 0.34 0.05060114183974037 0.06212409672703032 0.07733309274111408 0.045141347767596665 0.06288142274962308 0.0862963134899132 0.03856201797667523 0.057654996187852456 0.08285556603743877 0.03338544836368752 0.051454974065873973 0.07530470246184895 0.030042308996798786 0.04545184153894978 0.06579068008382477 0.028452161562541205 0.03995259672318062 0.055131869247394244 0.02848183709968 0.03500156113892917 0.04360685881611094 0.0 0.0 0.0 0.0014215133771575137 0.0054418712588630395 0.0068562998990343346 0.008731643400182343 0.033425968441862054 0.04211384191392061 0.017606471818129434 0.06739689786557311 0.08491399626328075 0.028408308235082204 0.10874271097567141 0.13700568739983526 0.04153258349471887 0.15898492129414396 0.2003066034246177 0.057289676526992066 0.21931760210346068 0.27632171596251803 0.07544409380879068 0.28882507287264014 0.3638960434021753 0.09302627238221972 0.3561211913689338 0.4486823512078907 0.07210786537319167 0.09869025471710627 0.2334789432730704 0.09230050070577309 0.12777595365868566 0.30765781896386546 0.11585342261411544 0.15985008761475514 0.3829396187907743 0.1453796769972817 0.19659989979260475 0.4563172099563122 0.1874524908052262 0.2431009770208474 0.5252722438729509 0.24579109739876934 0.30061759897718743 0.5786209097502366 0.2823740776560825 0.32535733414517604 0.5433082751637971 0.007 0.023 0.34 0.007 0.023 0.34 0.007 0.023 0.34 0.007 0.023 0.34 0.007 0.023 0.34 0.0 0.0 0.0 0.30402561772716935 0.3198682061505391 0.3042403171287748 0.3630851132215037 0.7271241340035745 0.3680185848130305 0.4173002831354756 1.1077576494241361 0.4266573893995997 0.5078363295389796 1.52418650171819 0.5216099483414848 0.8574822704201835 2.3687473577181413 0.8779629962485119 0.8925260018317466 2.488484670120482 0.9141544985086641 0.6420227776391927 2.190025443254822 0.6630013726206199 0.3938107189392875 1.7802384227848465 0.41259964347801825 0.2622924516065044 1.4068515073444374 0.27780356240494847 0.1995000982299817 1.0772970787276615 0.2113960385528345 0.16920103778568651 0.7834755758404208 0.17752571126816313 0.1572445250575146 0.5318710648396113 0.16232147913643838 0.15802931430147837 0.32461632377275 0.16028690821813688 0.0 0.0 0.0 0.0019282948565327192 0.0028749040728286834 0.0012867746317689389 0.007 0.023 0.34 0.007 0.023 0.34 0.007 0.023 0.34 0.007 0.023 0.34 0.007 0.023 0.34 0.007 0.023 0.34 0.007 0.023 0.34 0.07978950665764181 0.047356921813099494 0.04664296042203963 0.03997478389292923 0.041103857937754305 0.04259410786195483 0.03784236239500936 0.0430923161375827 0.05002166076540852 0.03523319112540726 0.03901459449410914 0.04400561887325221 0.0 0.0 0.0 0.0 0.0 0.0 0.00695831784879654 0.013708306099809551 0.010404942630733906 0.00029485553361593254 0.001128805183583089 0.001422202513890901 0.007301160133734732 0.027951259399634876 0.03521630711018314 0.015726534615984694 0.060206303350019814 0.07585502434869013 0.025833986782363295 0.0989009360046108 0.1246071016422943 0.03782019680429442 0.1447882804395805 0.1824214279179345 0.05152352837940489 0.197249228153087 0.24851794836002028 0.06516640266693603 0.2494602799903403 0.3142979252857029 0.05591430856585524 0.07804356723700709 0.1902522071907023 0.07411931202511425 0.10552037534818515 0.2647426367416457 0.0946698862532308 0.13580337695225395 0.3443748938057426 0.1173876375788643 0.16827580196849107 0.4263093764661256 0.1435074884904327 0.20339968161015745 0.5070890927050377 0.17978706112954795 0.24670002986620804 0.5859889924464419 0.24357036278270913 0.3136678884911536 0.6691044686653207 0.3323055397572811 0.39894405776514696 0.736841390220308 0.35477302045179426 0.405283324237097 0.6614009183969644 0.007 0.023 0.34 0.007 0.023 0.34 0.007 0.023 0.34 0.007 0.023 0.34 0.0 0.0 0.0 0.28532850190870834 0.4212673721443375 0.2871707509979707 0.3001928751566343 0.7343704146041137 0.30607686680110535 0.3209543167493449 1.0636206679827962 0.3310189612973986 0.35950534958542363 1.4076455827036212 0.3737097885846166 0.47757670938568436 1.9763853184118119 0.49788862451467464 0.4545756523628877 2.024060187923964 0.4758453705180919 0.33919973726128644 1.857051940151907 0.3597697319475978 0.23572002710097065 1.5978414208855871 0.2541795515387921 0.17605966719970456 1.3100412700303945 0.1914274319268498 0.14400927385164947 1.0243902331245407 0.15594023235978696 0.12760204039560383 0.7562448348064242 0.13612143307164448 0.12250669146357206 0.5208319885838603 0.12790481206423648 0.12725505514203783 0.3251079295360877 0.12993636532968744 0.14087688752073668 0.16684458248496764 0.14122880277731614 0.0015407770645090599 0.0022971531746125706 0.0010281784506288338 0.007 0.023 0.34 0.007 0.023 0.34 0.007 0.023 0.34 0.007 0.023 0.34 0.007 0.023 0.34 0.007 0.023 0.34 0.007 0.023 0.34 0.0 0.0 0.0 0.11882966699569841 0.0547105949598712 0.053299096552217436 0.1117923297017423 0.043295837137322046 0.04178797548064485 0.0 0.0 0.0 0.0 0.0 0.0 0.0060016706511334715 0.01185311565100189 0.008989488495655396 0.005789377601191926 0.011408653316595067 0.008658647030563259 0.0 0.0 0.0 0.005267278259787803 0.020164881327041997 0.02540610538426176 0.013022705045063797 0.04985524511289085 0.06281354412384622 0.022060543810980517 0.0844550584186886 0.10640648439803195 0.03216615034684027 0.12314097327159637 0.15514742614606022 0.041814207920351336 0.15998596181360009 0.2015607464680891 0.03784944025737791 0.05225026335521468 0.12527109057924357 0.05607649453238865 0.08017793704632434 0.20238673425905662 0.07475383897983734 0.1083090506515155 0.278454138699392 0.09555318217271763 0.13918242720186344 0.36040891832282185 0.11539477929872233 0.1681870734693217 0.43587573023578946 0.13898119015942656 0.2016604692666378 0.5194820812064361 0.16712094113384954 0.2382204611024462 0.5987377543200942 0.21732752725767712 0.29380088017194184 0.6815667358078978 0.3212463129758639 0.399118574415213 0.7939777369419224 0.4082224728323293 0.4776270434333349 0.8295499247841407 0.3417815823661905 0.3840696919010787 0.5984958201160507 0.007 0.023 0.34 0.007 0.023 0.34 0.0 0.0 0.0 0.0 0.0 0.0 0.2427935253849737 0.41076790589482265 0.24506992101028152 0.23567847505778997 0.6696783037621615 0.24156005835905447 0.2322230295279821 0.9416304238822711 0.24183694734192182 0.2346653366348592 1.2117800419744442 0.24790723479758858 0.23559319511651566 1.5958367973662078 0.25402727164720773 0.21286813074255248 1.6293085693857012 0.23206378908193415 0.17732245207421105 1.5458945844892529 0.19586939718388582 0.14522790391777401 1.3772242333904925 0.16192396820028257 0.12188225109061704 1.1556996904345342 0.13589258700700063 0.10645921065831186 0.916556364457616 0.11743768018078124 0.0981095612908546 0.6834753953788415 0.1060424628433293 0.09713888927804266 0.4741740594211415 0.10224848521342172 0.10413946660015681 0.2976695137435576 0.10676219365737624 0.11945861239836987 0.155048689439549 0.1199409305675752 0.0 0.0 0.0 0.0009914554306449637 0.0014781494004204071 0.0006616213032072055 0.007 0.023 0.34 0.007 0.023 0.34 0.007 0.023 0.34 0.007 0.023 0.34 0.007 0.023 0.34 0.007 0.023 0.34 0.0 0.0 0.0 0.0 0.0 0.0 0.0 0.0 0.0 0.0 0.0 0.0 0.0 0.0 0.0 0.004903757627182765 0.009703098653427104 0.007354358591642219 0.0047007477949172075 0.009292497018722142 0.007045349900681268 0.0 0.0 0.0 0.00232439091815483 0.008890566140412826 0.011200655581207813 0.008984642089997257 0.03438160780005489 0.043316681922987155 0.016053110179870277 0.061394444091695005 0.07734627802177504 0.021107331377063804 0.07999878988858757 0.10071778258304441 0.023811512335284675 0.031237130575699067 0.06888947745067371 0.03689603999820563 0.05195128271032769 0.1282904106496762 0.05451543438082814 0.07880521585520232 0.20196900477891522 0.07308442741187769 0.10668455495458315 0.2770573934605841 0.0918786113001788 0.13463234696790904 0.3514194794925839 0.11364733026445882 0.16672383378861136 0.4358536027720868 0.13585692409254696 0.19905477427728976 0.5195058532134222 0.15872790003339662 0.23092748484283504 0.5970227678831893 0.19049013916704385 0.26920314636371634 0.6683253951229112 0.2626763564202643 0.34350503793334164 0.7533550268828676 0.36917934049792805 0.4461622874676776 0.8365120912034849 0.3867307936002045 0.4475267554323583 0.7557988170155067 0.007 0.023 0.34 0.007 0.023 0.34 0.0 0.0 0.0 0.0 0.0 0.0 0.20308945894857436 0.3542956658090093 0.20513861160370978 0.18427751423492475 0.5652418184717362 0.18944035795508518 0.16922598476954256 0.7838792441350023 0.17755579069860022 0.15845785302906945 0.995276737836197 0.16979845653519893 0.14012920673069632 1.2860460507054083 0.15565871833045852 0.12821060925213737 1.31765398205768 0.14432999413801975 0.11494421184804321 1.2646499635379114 0.1305250708790107 0.10207215627600127 1.1405412900141083 0.11614553214369806 0.09084311411023187 0.9683859996913428 0.10273561092845775 0.08244697086491004 0.7741204017740722 0.09182055728614971 0.07827609644385886 0.5801373331643854 0.08507734030208634 0.0797752345923333 0.4025436682551046 0.08414940551141764 0.08820710982143738 0.25049244987692826 0.09040640733950295 0.1044933750002634 0.12672017560051266 0.10479459350452232 0.0 0.0 0.0 0.0006349949059375555 0.0009467130102148314 0.0004237425064506963 0.007 0.023 0.34 0.007 0.023 0.34 0.007 0.023 0.34 0.007 0.023 0.34 0.007 0.023 0.34 0.007 0.023 0.34 0.0 0.0 0.0 0.0 0.0 0.0 0.0 0.0 0.0 0.0 0.0 0.0 0.0 0.0 0.0 0.0038880701953286616 0.007713202988198033 0.005841228776919717 0.003697422888894302 0.0073323059951290155 0.005553437703662887 0.0 0.0 0.0 0.0 0.0 0.0 0.0012590330820859113 0.2302076515497467 0.2562476002827686 0.001536892115607657 0.27443837161256635 0.3054773906851817 0.0022167620831953986 0.3137613438641737 0.3491955167887566 0.009601716406106192 0.3400682599228615 0.3776545616387235 0.034546039314858425 0.04903223367973055 0.12248594453115585 0.05103316103071323 0.0740998707004082 0.19106195057420727 0.06889336558662028 0.1008620201845771 0.2629623104334534 0.08743452163395647 0.1284141100480787 0.33620524983014716 0.10822929831362708 0.15913340150985011 0.4172477953352908 0.12919981049069068 0.18992572929692542 0.4978426306465832 0.14940148950412302 0.2190506357507783 0.5722136626017996 0.17050972808761744 0.2470000624437096 0.6348520241946615 0.2068870485473118 0.2864944012996187 0.6901515194793237 0.2784918402742418 0.3560516213932418 0.7493263209119626 0.33046221943772797 0.3962327271950413 0.7297287260525556 0.26124862149570394 0.29264289309045866 0.45183071633989375 0.007 0.023 0.34 0.0 0.0 0.0 0.0 0.0 0.0 0.17309210187489088 0.2772513694751233 0.17450367249882023 0.14896499979736477 0.4455720353897663 0.1529846303875099 0.12986439451148635 0.6172859616780145 0.13646995138159196 0.11616614521140686 0.7808722188033588 0.12517426891126796 0.09891774060750276 1.0044544060991663 0.11118961026777031 0.09205634869863857 1.0311334304754207 0.10478275944231837 0.08508031426753673 0.9938780634469956 0.09739637826635836 0.07795813259712002 0.9010767792389244 0.08911306991933167 0.07138278378614192 0.7689683581922012 0.08083649181611549 0.06660392366110246 0.6166502179901262 0.07405817337660564 0.06515378249048898 0.46162512580712184 0.07052677823392606 0.06859224608699037 0.3172094009676093 0.07196151586508927 0.07833733630367327 0.1917589105397768 0.07987443008323006 0.0 0.0 0.0 0.0 0.0 0.0 0.00025597651505806336 0.00038162606866085113 0.00017082339328291385 0.007 0.023 0.34 0.007 0.023 0.34 0.007 0.023 0.34 0.007 0.023 0.34 0.007 0.023 0.34 0.007 0.023 0.34 0.0 0.0 0.0 0.0 0.0 0.0 0.0 0.0 0.0 0.0 0.0 0.0 0.0031339802381053186 0.006232590578279744 0.004716167760640602 0.002945117063440576 0.005854989505399875 0.004430932756412838 0.0027670463822750523 0.005500412821603038 0.004162735997955478 0.0007690991660377563 0.14184889792293343 0.1578949031422815 0.0009913265423661007 0.18332170504843723 0.20405943100873264 0.0012326386103829563 0.2280247884716602 0.2538194667491081 0.0014846329772786532 0.2745805246092079 0.30564165555155887 0.0017408580532993665 0.31977254747446415 0.3559445451193124 0.0024936032771921256 0.3567173493527323 0.397005726061714 0.019289825027054817 0.38030530439910654 0.4213661530628579 0.04581856681920628 0.06656865039442979 0.17178404380191917 0.062474882268526426 0.09152312764013933 0.23881518810301455 0.08020022289585862 0.11785906407358115 0.30881201977711314 0.09947541057753795 0.14635310024204168 0.3840511578042911 0.11882916565372649 0.17484599582122648 0.4588849878642043 0.13708765582833782 0.20147335721805562 0.5279475555979207 0.1537081196212905 0.2246739064916045 0.5845130925345798 0.17284194613724552 0.24719363281847467 0.6242013656459632 0.20694281316213223 0.2796384409062407 0.6482489597204225 0.2511444668099421 0.3150869580377363 0.6393138145512449 0.25137674334473853 0.2922749747105737 0.4996535853666282 0.007 0.023 0.34 0.0 0.0 0.0 0.0 0.0 0.0 0.15366745183250527 0.19345396703654466 0.15420664030209102 0.1272550551420431 0.3251079295360742 0.1299363653296925 0.10677670452060538 0.4564862357961338 0.11151598228848728 0.09244466443461588 0.58009158346842 0.09905327528237728 0.07644096032068737 0.7479840450466186 0.08554173947305455 0.07138278378614189 0.7689683581922012 0.08083649181611546 0.06672292380369382 0.7427515182607857 0.07588449076607286 0.062212674681730765 0.6748486216149756 0.0705151419107936 0.05834923385107872 0.5763871880837865 0.06536970524189063 0.056178410876586794 0.46091834897530426 0.061663462952258864 0.05705090611878731 0.3414330444931183 0.060904864405438366 0.062418117471963915 0.22842609305870717 0.06466786429790748 0.07369329621611316 0.12905598594542012 0.07444357363533947 0.0 0.0 0.0 0.0 0.0 0.0 0.0 0.0 0.0 0.007 0.023 0.34 0.007 0.023 0.34 0.007 0.023 0.34 0.007 0.023 0.34 0.007 0.023 0.34 0.007 0.023 0.34 0.007 0.023 0.34 0.0 0.0 0.0 0.0 0.0 0.0 0.0 0.0 0.0 0.0022376293985433868 0.004455302403168349 0.0033699997748661593 0.002061639682387626 0.004104425583235984 0.0031047106105480658 0.0018951805241581544 0.003773012152484013 0.0028540238266664794 0.000725530741118134 0.13416914480708061 0.14934663263069745 0.0009416567697028438 0.17422213276134255 0.19393054918008276 0.0011770112224620296 0.21776912940623602 0.24240368580247285 0.0014263686978584253 0.26390494033769757 0.2937584882418693 0.0016778625202563135 0.3104318781923824 0.345548660259152 0.001920813983698235 0.352492028432999 0.39236497683789406 0.004095831625178962 0.38066777728203055 0.42349797309115633 0.05282385330036939 0.3976532100076801 0.4368730962441531 0.05437003688255219 0.07956061969831361 0.20729201275588274 0.07087352508804659 0.10410332519758636 0.27259838107062284 0.08822552119558201 0.1297732205011006 0.3404450239065542 0.1055709897806896 0.1553316363233339 0.4076480177593522 0.12179160784076698 0.17906015666587208 0.4694461145183118 0.13585692409254707 0.19905477427728993 0.5195058532134226 0.14853437599845762 0.2148864640692397 0.5513314246144422 0.16537796400310006 0.23053930620489954 0.5609464696203138 0.19101712422074194 0.2487043378444956 0.5412131778210476 0.20378449489784473 0.2425624616927163 0.43919005680933143 0.007 0.023 0.34 0.0 0.0 0.0 0.0 0.0 0.0 0.0 0.0 0.0 0.11619995685982143 0.2135370986133781 0.11751907375726264 0.094806158067786 0.3115575853803262 0.09774358221196709 0.07977523459233572 0.40254366825509624 0.08414940551141992 0.06326714828008892 0.5254415982844788 0.06953055519324823 0.05866153948080546 0.5414152424435986 0.06520383726568234 0.05504876976367272 0.5234062568839041 0.06139596944688955 0.05214702029901995 0.4749787532545451 0.05787725311321297 0.05030376946775382 0.4035877449595255 0.05509148824879538 0.05035057291464498 0.31862448878209515 0.053986231915804705 0.05343032795669682 0.2294914913397988 0.05581631599186864 0.06084758895564653 0.14421140358576215 0.06197733875652072 0.0 0.0 0.0 0.0 0.0 0.0 0.0 0.0 0.0 0.0 0.0 0.0 0.007 0.023 0.34 0.007 0.023 0.34 0.007 0.023 0.34 0.007 0.023 0.34 0.007 0.023 0.34 0.007 0.023 0.34 0.22388330406402335 0.44460999548787616 0.3365889942676058 0.0 0.0 0.0 0.0 0.0 0.0 0.0 0.0 0.0 0.001390190797557752 0.002769939775691443 0.002094707138037997 0.0012259030310512922 0.0024425317446973723 0.0018471282123306597 0.0010697943012256846 0.002131526008768242 0.0016119272174475268 0.0006648339411678966 0.12298532995546525 0.13689770674344764 0.0008696674655327026 0.16090472901922548 0.17910665059549746 0.0010931715346127991 0.20225720364437416 0.2251370144863255 0.0013317069914401327 0.2463901127070393 0.2742623416994657 0.001576428867869008 0.29166887198603786 0.32466314116832257 0.001808156603303165 0.3345149588921345 0.3723560611128609 0.002148033203932298 0.367230189947006 0.4087535706450798 0.014108650269073417 0.3803750817657405 0.4220331584234396 0.04569760119771772 0.06664025806787083 0.17283211380681748 0.060218240444106695 0.08829158559466631 0.2306403160743483 0.07541992480446723 0.11081006476699345 0.2902593419424084 0.09052780867834147 0.13307870014676107 0.3488372906825071 0.10454959255920518 0.153582713521197 0.4022101030596711 0.11646772703291108 0.1705561528011296 0.4448169756727118 0.1261196120194885 0.1828195822391289 0.47032250487678584 0.13595065376120893 0.19147933935041506 0.4730431450328786 0.1498881176008876 0.19859038315230393 0.4455401369329028 0.1596670612009129 0.19148822544558242 0.3528406509695445 0.007 0.023 0.34 0.0 0.0 0.0 0.0 0.0 0.0 0.0 0.0 0.0 0.11389749583101848 0.11655652147018675 0.11393353105445084 0.09139237790626897 0.1883189082697827 0.09270593018147937 0.0752361753483604 0.2536172098351667 0.07765360237092853 0.057050906118787326 0.3414330444931181 0.06090486440543838 0.05229410698163576 0.3533052398999915 0.05637342207757159 0.049169783250352594 0.3412545512923748 0.05312812788702725 0.04738939079588987 0.30753306126336377 0.05091486838125864 0.04718513834167405 0.2570730622523944 0.050029548009059545 0.04921452061404569 0.19631002429063463 0.05120796485271757 0.05444401354730037 0.1319561911747527 0.0554944617259074 0.06404682043250388 0.0700134499984674 0.06412768043865819 0.0 0.0 0.0 0.0 0.0 0.0 0.0 0.0 0.0 0.0 0.0 0.0 0.007 0.023 0.34 0.007 0.023 0.34 0.007 0.023 0.34 0.007 0.023 0.34 0.007 0.023 0.34 0.007 0.023 0.34 0.2042794742593877 0.40696518895015615 0.30777322583636996 0.0 0.0 0.0 0.0 0.0 0.0 0.0 0.0 0.0 0.0005828323941175948 0.001161669097091838 0.0008783933419261394 0.00042898958539223676 0.0008550209223260796 0.0006465262845913389 0.0002820604348686015 0.0005621609938625107 0.0004250831324144874 0.0005915195284366768 0.10942057995823384 0.12179848017541797 0.00078250374523749 0.1447778175248532 0.16115542492739027 0.0009908118725353984 0.183318723667042 0.2040561690707518 0.001213513081887098 0.22452082948032964 0.24991915295414227 0.001443485842104813 0.26707125738853577 0.2972829861136556 0.0016654318372432318 0.30813586556741457 0.3429929196782167 0.0018659930905654306 0.3417203096590771 0.3803743493268915 0.004496124797275378 0.3558880950623878 0.39585439384217963 0.036524258510288815 0.05282828184265839 0.13549947797646358 0.04896246282244165 0.07146632403161769 0.18557442396901738 0.06193701368796694 0.09073026210937644 0.23672933479530625 0.07474961208583522 0.10961537057970279 0.28640571858403757 0.08654835956241452 0.1268136457093612 0.3309828437397118 0.09646884274915517 0.14081808250435127 0.3656953795643833 0.10418038025484724 0.15042999717958774 0.3849433485133953 0.11092347615202927 0.1557315717668929 0.3829355437830632 0.11927383521958765 0.15758096216116882 0.35182111627224383 0.12309246126540849 0.1446998481517503 0.2542622845396622 0.0 0.0 0.0 0.0 0.0 0.0 0.0 0.0 0.0 0.0 0.0 0.0 0.0 0.0 0.0 0.0 0.0 0.0 0.07792078025449292 0.1345160177171953 0.0786877612106501 0.05738322673026407 0.1956221563795633 0.059256646318094894 0.05216223220333442 0.20418357585292274 0.05422243162533526 0.0492145206140413 0.19631002429064137 0.05120796485271334 0.04825537039324982 0.17340498589261774 0.04995140306422617 0.049436757551145336 0.13871990997401754 0.050646726458143033 0.05328949069896401 0.09665164705071075 0.05387713640257321 0.0 0.0 0.0 0.0 0.0 0.0 0.0 0.0 0.0 0.0 0.0 0.0 0.0 0.0 0.0 0.0 0.0 0.0 0.007 0.023 0.34 0.007 0.023 0.34 0.007 0.023 0.34 0.007 0.023 0.34 0.007 0.023 0.34 0.007 0.023 0.34 0.0 0.0 0.0 0.0 0.0 0.0 0.0 0.0 0.0 0.0 0.0 0.0 0.0 0.0 0.0 0.0 0.0 0.0 0.0 0.0 0.0 0.0005098541407927271 0.09427639690040567 0.10494113024832899 0.0006855345783149686 0.12683596626476196 0.14118394877607668 0.0008767970087059615 0.1622238787121118 0.18057502563712743 0.001080841209625108 0.199975731215159 0.22259745644620993 0.0012915504208055738 0.23896096906283218 0.2659927961962188 0.0014960266181981146 0.2767927158675391 0.3081041591180085 0.0016746729930317043 0.3085395215513964 0.34344143525547516 0.002594450329325695 0.3237160485086169 0.3602394833719549 0.026238352677957606 0.2950902530156467 0.325668684754722 0.03777725700714302 0.054544019546419915 0.1395615815405515 0.04855949337628027 0.07061423835550769 0.18244504911243595 0.05915425274187756 0.08621944056641734 0.22345620755499912 0.06885009583525006 0.10024817413556109 0.2594552996697916 0.0769711618748193 0.11146871119093225 0.28639201739019404 0.08325751382428598 0.1188692984184276 0.29944244707260226 0.08848433852368157 0.12218825352083651 0.29308735679155884 0.09409440330888072 0.1211313492510295 0.25822491292404093 0.0 0.0 0.0 0.0 0.0 0.0 0.0 0.0 0.0 0.0 0.0 0.0 0.0 0.0 0.0 0.0 0.0 0.0 0.0 0.0 0.0 0.0 0.0 0.0 0.0645441779532981 0.08491982238996065 0.06482030951406148 0.05867088130738223 0.0908270069323408 0.05910666242755855 0.05570495070168118 0.08580402627395786 0.05611285459601656 0.05537511129812073 0.07073813035102379 0.05558331155614459 0.0 0.0 0.0 0.0 0.0 0.0 0.0 0.0 0.0 0.0 0.0 0.0 0.0 0.0 0.0 0.0 0.0 0.0 0.0 0.0 0.0 0.007 0.023 0.34 0.007 0.023 0.34 0.007 0.023 0.34 0.007 0.023 0.34 0.007 0.023 0.34 0.007 0.023 0.34 0.007 0.023 0.34 0.0 0.0 0.0 0.0 0.0 0.0 0.0 0.0 0.0 0.0 0.0 0.0 0.0 0.0 0.0 0.0 0.0 0.0 0.0 0.0 0.0 0.0004235042764521395 0.07813936596102258 0.08697854161341767 0.0005827191388387341 0.1077988285439506 0.11999327641155169 0.0007560210748543709 0.13987779485540083 0.15570110001941181 0.0009400463978762117 0.1739262004320404 0.19360114152895969 0.0011291296910003817 0.20891014912726816 0.23254255682655156 0.0013118576680883089 0.2427100538991995 0.2701659813303144 0.0014741355047115817 0.27103700824948784 0.30169630391844854 0.002068763168214734 0.28473224278073733 0.31688156330108525 0.015143689835199085 0.2572549145288188 0.2847919397395717 0.027290433474658184 0.03833120793704599 0.09431456937133763 0.03599164159091316 0.05137793221442075 0.12939567200643412 0.044539885531627084 0.06393813463460267 0.16229891488818635 0.05235935269678786 0.0750818596464095 0.19029862488216592 0.05896077988863301 0.08383064862239262 0.20993582855234638 0.06421275163994278 0.08937947072394045 0.21698986032065168 0.06865050901912663 0.09126053996856807 0.20590698429140117 0.07231502558801381 0.08729924176022355 0.16327822245909693 0.0 0.0 0.0 0.0 0.0 0.0 0.0 0.0 0.0 0.0 0.0 0.0 0.0 0.0 0.0 0.0 0.0 0.0 0.0 0.0 0.0 0.0 0.0 0.0 0.0 0.0 0.0 0.0 0.0 0.0 0.0 0.0 0.0 0.0 0.0 0.0 0.0 0.0 0.0 0.0 0.0 0.0 0.0 0.0 0.0 0.0 0.0 0.0 0.0 0.0 0.0 0.0 0.0 0.0 0.0 0.0 0.0 0.007 0.023 0.34 0.007 0.023 0.34 0.007 0.023 0.34 0.007 0.023 0.34 0.007 0.023 0.34 0.007 0.023 0.34 0.007 0.023 0.34 0.007 0.023 0.34 0.0 0.0 0.0 0.0 0.0 0.0 0.0 0.0 0.0 0.0 0.0 0.0 0.0 0.0 0.0 0.0 0.0 0.0 0.0003367472647563812 0.061441376216431295 0.06839123866112079 0.0004775032707954621 0.0881883034811831 0.09816427431733575 0.0006321046989630582 0.11692574826236003 0.13015264841417262 0.0007955804037521111 0.147190446007554 0.16384097144253976 0.000962069862221441 0.17798895947424623 0.19812348206152533 0.0011215738187426148 0.20734867056017633 0.23080433962011185 0.0012744227487542976 0.23134315867644428 0.2575105063054689 0.001884320216604102 0.2415322167331293 0.26878907017489106 0.012941979087741527 0.2061756904621216 0.2281535297317268 0.018109569449870442 0.023550965876017863 0.05114211574236442 0.02488875958137498 0.033808676745775715 0.0790380171584218 0.03161876040891732 0.04363183579982464 0.10454534724212874 0.03784944025737791 0.052250263355214675 0.12527109057924357 0.043253593790421534 0.05888930770448386 0.13817177346955514 0.04779122762810757 0.06285590908741669 0.13924289714718152 0.05161474352280683 0.06312386655281046 0.12148203667714388 0.06726231653398229 0.1377454091934283 0.12247762797798363 0.0 0.0 0.0 0.0 0.0 0.0 0.0 0.0 0.0 0.0 0.0 0.0 0.0 0.0 0.0 0.0 0.0 0.0 0.0 0.0 0.0 0.0 0.0 0.0 0.0 0.0 0.0 0.0 0.0 0.0 0.0 0.0 0.0 0.0 0.0 0.0 0.0 0.0 0.0 0.0 0.0 0.0 0.0 0.0 0.0 0.0 0.0 0.0 0.0 0.0 0.0 0.0 0.0 0.0 0.007 0.023 0.34 0.007 0.023 0.34 0.007 0.023 0.34 0.007 0.023 0.34 0.007 0.023 0.34 0.007 0.023 0.34 0.007 0.023 0.34 0.007 0.023 0.34 0.007 0.023 0.34 0.0 0.0 0.0 0.0 0.0 0.0 0.0 0.0 0.0 0.0 0.0 0.0 0.0 0.0 0.0 0.0 0.0 0.0 0.0002571255589784939 0.04449822967175034 0.04953008393974887 0.0003750090044917243 0.06837741632795277 0.07611181198526978 0.0005090682877516608 0.09381820339421873 0.10443091252850961 0.0006515187238753138 0.12032527864874429 0.13393662338621753 0.0007958011736368848 0.14690448103104775 0.16352245653315325 0.0009358907840658965 0.17163848168831064 0.19105369696888863 0.0011066379228848778 0.1907401938253792 0.21230856190207548 0.0019601803812366652 0.19576469998593143 0.21780746132037923 0.0 0.0 0.0 0.01083614854847852 0.01085550795584317 0.010953671785141662 0.015874461935409742 0.01858289300458078 0.03231626614627563 0.02103523265388951 0.025993181591696023 0.051132962166287634 0.02597199487154969 0.03243599517418548 0.06521236122410537 0.030457629990355686 0.03723327912123947 0.07158989201451414 0.034339092375711755 0.03944364986116626 0.06532682387616325 0.0 0.0 0.0 0.05248493385342432 0.11779759382274467 0.10364981220044275 0.0 0.0 0.0 0.0 0.0 0.0 0.0 0.0 0.0 0.0 0.0 0.0 0.007 0.023 0.34 0.0 0.0 0.0 0.0 0.0 0.0 0.0 0.0 0.0 0.0 0.0 0.0 0.0 0.0 0.0 0.0 0.0 0.0 0.0 0.0 0.0 0.0 0.0 0.0 0.0 0.0 0.0 0.0 0.0 0.0 0.0 0.0 0.0 0.0 0.0 0.0 0.007 0.023 0.34 0.007 0.023 0.34 0.007 0.023 0.34 0.007 0.023 0.34 0.007 0.023 0.34 0.007 0.023 0.34 0.007 0.023 0.34 0.007 0.023 0.34 0.007 0.023 0.34 0.007 0.023 0.34 0.0 0.0 0.0 0.0 0.0 0.0 0.0 0.0 0.0 0.0 0.0 0.0 0.0 0.0 0.0 0.0 0.0 0.0 0.00020011451943947032 0.02753658402307001 0.03064575440890007 0.00028680898219829085 0.04862423999096463 0.05412199854386044 0.0003962249584704506 0.07085495010932852 0.07886872019888941 0.0005170134484935384 0.09368591526754673 0.10428267467635179 0.0006430111445648058 0.11608587885800424 0.1292160142437114 0.0007809727884077775 0.13610556966754986 0.15149699499535751 0.0010414906008799016 0.14984647542292523 0.16677112079496753 0.0025203782427433356 0.14750003805438763 0.16398960210632987 0.0 0.0 0.0 0.0 0.0 0.0 0.0 0.0 0.0 0.0 0.0 0.0 0.0 0.0 0.0 0.0 0.0 0.0 0.037363956215871984 0.0785883348710159 0.06965846573076 0.04041772145755967 0.09092248938647428 0.07998233738716877 0.04394907396143561 0.10031487455047583 0.08810512780191973 0.0 0.0 0.0 0.0 0.0 0.0 0.0 0.0 0.0 0.0 0.0 0.0 0.007 0.023 0.34 0.007 0.023 0.34 0.0 0.0 0.0 0.0 0.0 0.0 0.0 0.0 0.0 0.0 0.0 0.0 0.0 0.0 0.0 0.0 0.0 0.0 0.0 0.0 0.0 0.0 0.0 0.0 0.0 0.0 0.0 0.0 0.0 0.0 0.007 0.023 0.34 0.007 0.023 0.34 0.007 0.023 0.34 0.007 0.023 0.34 0.007 0.023 0.34 0.007 0.023 0.34 0.007 0.023 0.34 0.007 0.023 0.34 0.007 0.023 0.34 0.007 0.023 0.34 0.007 0.023 0.34 0.007 0.023 0.34 0.0 0.0 0.0 0.0 0.0 0.0 0.0 0.0 0.0 0.0 0.0 0.0 0.0 0.0 0.0 0.00019583258701547318 0.010712076999365995 0.011908163995628942 0.00023876663781746351 0.02909487977985053 0.03237689000503544 0.00031752985555426214 0.04821431512299469 0.05366195591326607 0.0004180730261839688 0.06746295714073773 0.07508844689839259 0.0005398861555636576 0.08572900677287039 0.09541816912000736 0.0007234051576901171 0.10091057902698966 0.11230557624830471 0.0012404198592890843 0.10852150260212678 0.12072334034783554 0.004594720267307912 0.09067745262298169 0.10046825176535265 0.0 0.0 0.0 0.0 0.0 0.0 0.0 0.0 0.0 0.0 0.0 0.0 0.0 0.0 0.0 0.0 0.0 0.0 0.03365456425790529 0.06429289189667149 0.05765613312877847 0.03559042554950399 0.07476939549518889 0.06628259506111298 0.03808033572332586 0.08252040067210878 0.07289396171721656 0.0 0.0 0.0 0.0 0.0 0.0 0.0 0.0 0.0 0.0 0.0 0.0 0.007 0.023 0.34 0.007 0.023 0.34 0.007 0.023 0.34 0.0 0.0 0.0 0.0 0.0 0.0 0.0 0.0 0.0 0.0 0.0 0.0 0.0 0.0 0.0 0.0 0.0 0.0 0.0 0.0 0.0 0.007 0.023 0.34 0.007 0.023 0.34 0.007 0.023 0.34 0.007 0.023 0.34 0.007 0.023 0.34 0.007 0.023 0.34 0.007 0.023 0.34 0.007 0.023 0.34 0.007 0.023 0.34 0.007 0.023 0.34 0.007 0.023 0.34 0.007 0.023 0.34 0.007 0.023 0.34 0.007 0.023 0.34 0.007 0.023 0.34 0.0 0.0 0.0 0.0 0.0 0.0 0.0 0.0 0.0 0.0 0.0 0.0 0.0 0.0 0.0 0.0002812251914981134 0.009871677750294376 0.010962467878791304 0.0003247440054751564 0.02596162429003276 0.028877488350504465 0.000415149532368664 0.041685456297922995 0.04637942073223087 0.0005712708616538991 0.05577289929627356 0.06205137166285769 0.0009139944861568405 0.06569715129127361 0.07306539877518164 0.0021236850182753675 0.06459695524018905 0.07170248295488302 0.007 0.023 0.34 0.007 0.023 0.34 0.007 0.023 0.34 0.007 0.023 0.34 0.007 0.023 0.34 0.0 0.0 0.0 0.032901846912549916 0.03895838354221913 0.037646439461786904 0.0318955555323099 0.04937222994263617 0.0455864987665133 0.032594066811439844 0.05797785068248028 0.052479311331550704 0.034228643511683435 0.0642416589390514 0.05774035293968408 0.0 0.0 0.0 0.0 0.0 0.0 0.0 0.0 0.0 0.007 0.023 0.34 0.007 0.023 0.34 0.007 0.023 0.34 0.007 0.023 0.34 0.007 0.023 0.34 0.007 0.023 0.34 0.007 0.023 0.34 0.007 0.023 0.34 0.007 0.023 0.34 0.007 0.023 0.34 0.007 0.023 0.34 0.007 0.023 0.34 0.007 0.023 0.34 0.007 0.023 0.34 0.007 0.023 0.34 0.007 0.023 0.34 0.007 0.023 0.34 0.007 0.023 0.34 0.007 0.023 0.34 0.007 0.023 0.34 0.007 0.023 0.34 0.007 0.023 0.34 0.007 0.023 0.34 0.007 0.023 0.34 0.007 0.023 0.34 0.007 0.023 0.34 0.007 0.023 0.34 0.0 0.0 0.0 0.0 0.0 0.0 0.0 0.0 0.0 0.0 0.0 0.0 0.0 0.0 0.0 0.0005131943104787324 0.004007725191980102 0.004405182951757373 0.0006266294155571026 0.016132904290310137 0.017896542810958167 0.0009120224015711964 0.025652822001548354 0.028466768456038 0.0017132398735739574 0.02844949757724944 0.03149040162190483 0.007 0.023 0.34 0.007 0.023 0.34 0.007 0.023 0.34 0.007 0.023 0.34 0.007 0.023 0.34 0.007 0.023 0.34 0.007 0.023 0.34 0.0 0.0 0.0 0.03332021204310072 0.03456254957056622 0.03429343910946987 0.03252599993575542 0.04147019193802242 0.039532734861623245 0.03321941353911827 0.04619222043612343 0.043382100023123336 0.0 0.0 0.0 0.0 0.0 0.0 0.0 0.0 0.0 0.007 0.023 0.34 0.007 0.023 0.34 0.007 0.023 0.34 0.007 0.023 0.34 0.007 0.023 0.34 0.007 0.023 0.34 0.007 0.023 0.34 0.10873483443602805 0.23193970272815512 0.3273890934865981 0.09708702193761462 0.2440400820023774 0.35788769409520893 0.08076793216869307 0.23381555838550017 0.3523847584659944 0.06610774521057329 0.21583117910104047 0.33182505779439014 0.056297693056735224 0.19540525116322727 0.30317478864349123 0.050325926705645986 0.17211992216016347 0.2664762801947033 0.0473701236794107 0.1430781000325511 0.21722507295873758 0.007 0.023 0.34 0.007 0.023 0.34 0.007 0.023 0.34 0.007 0.023 0.34 0.007 0.023 0.34 0.007 0.023 0.34 0.007 0.023 0.34 0.007 0.023 0.34 0.007 0.023 0.34 0.007 0.023 0.34 0.007 0.023 0.34 0.007 0.023 0.34 0.007 0.023 0.34 0.007 0.023 0.34 0.007 0.023 0.34 0.0 0.0 0.0 0.0 0.0 0.0 0.0 0.0 0.0 0.0 0.0 0.0 0.0 0.0 0.0 0.0 0.0 0.0 0.007 0.023 0.34 0.007 0.023 0.34 0.007 0.023 0.34 0.007 0.023 0.34 0.007 0.023 0.34 0.007 0.023 0.34 0.007 0.023 0.34 0.007 0.023 0.34 0.007 0.023 0.34 0.007 0.023 0.34 0.0 0.0 0.0 0.0 0.0 0.0 0.0 0.0 0.0 0.007 0.023 0.34 0.007 0.023 0.34 0.007 0.023 0.34 0.007 0.023 0.34 0.007 0.023 0.34 0.007 0.023 0.34 0.007 0.023 0.34 0.007 0.023 0.34 0.0565752331309899 0.18818570877362636 0.2901470995178044 0.0496109100022617 0.1986610756792639 0.3141333593927797 0.04567072368311813 0.20224573925301106 0.32354768171119724 0.04320996281739446 0.200359342922378 0.32210625761021394 0.0409852292100918 0.193139524430296 0.3110166422858475 0.03833784917088098 0.18081788488825923 0.29120015137645755 0.03517684312540554 0.16390950430121268 0.26364139193092445 0.03176503229640958 0.1429478745932218 0.2290835501321154 0.028678632212522065 0.11801412845100366 0.18722420762456446 0.0272460592967051 0.08552124051987488 0.13066824340372807 0.007 0.023 0.34 0.007 0.023 0.34 0.007 0.023 0.34 0.007 0.023 0.34 0.007 0.023 0.34 0.007 0.023 0.34 0.007 0.023 0.34 0.007 0.023 0.34 0.007 0.023 0.34 0.007 0.023 0.34 0.007 0.023 0.34 0.007 0.023 0.34 0.007 0.023 0.34 0.007 0.023 0.34 0.0 0.0 0.0 0.0 0.0 0.0 0.0 0.0 0.0 0.007 0.023 0.34 0.007 0.023 0.34 0.007 0.023 0.34 0.007 0.023 0.34 0.007 0.023 0.34 0.007 0.023 0.34 0.007 0.023 0.34 0.007 0.023 0.34 0.007 0.023 0.34 0.007 0.023 0.34 0.007 0.023 0.34 0.007 0.023 0.34 0.007 0.023 0.34 0.007 0.023 0.34 0.007 0.023 0.34 0.007 0.023 0.34 0.007 0.023 0.34 0.007 0.023 0.34 0.007 0.023 0.34 0.007 0.023 0.34 0.007 0.023 0.34 0.007 0.023 0.34 0.037797693168112115 0.15255023756973254 0.24145143606089442 0.03689753627912661 0.16964698285562246 0.27249075822660496 0.03761527766080912 0.18007261855495746 0.2904373028884838 0.03923712033845703 0.1897477893247553 0.30635155552760324 0.03774753661896451 0.18296847552529247 0.2954741770947475 0.036411166010446694 0.17655191497128947 0.28512188703625785 0.034207756199487786 0.16579260126317466 0.2677341354612645 0.03128030247917827 0.15130083389659277 0.24428325221413927 0.0278126361263696 0.13359376936681575 0.21554462781502418 0.02408090893834016 0.11305292550371107 0.18198140936507018 0.02054898636583228 0.08968249217032644 0.14324166642623457 0.01810642821709424 0.06105808516362021 0.09433363299254902 0.007 0.023 0.34 0.007 0.023 0.34 0.007 0.023 0.34 0.007 0.023 0.34 0.007 0.023 0.34 0.007 0.023 0.34 0.007 0.023 0.34 0.007 0.023 0.34 0.007 0.023 0.34 0.007 0.023 0.34 0.007 0.023 0.34 0.007 0.023 0.34 0.007 0.023 0.34 0.007 0.023 0.34 0.007 0.023 0.34 0.007 0.023 0.34 0.007 0.023 0.34 0.007 0.023 0.34 0.007 0.023 0.34 0.007 0.023 0.34 0.007 0.023 0.34 0.007 0.023 0.34 0.007 0.023 0.34 0.007 0.023 0.34 0.007 0.023 0.34 0.007 0.023 0.34 0.007 0.023 0.34 0.007 0.023 0.34 0.007 0.023 0.34 0.007 0.023 0.34 0.007 0.023 0.34 0.007 0.023 0.34 0.007 0.023 0.34 0.007 0.023 0.34 0.007 0.023 0.34 0.007 0.023 0.34 0.007 0.023 0.34 0.007 0.023 0.34 0.029635015917014198 0.13858837899472598 0.22299683030846004 0.03157392602018588 0.15219686025217816 0.24564597264147414 0.03392352476237011 0.1644561088324822 0.2655824344097775 0.034425886123378574 0.1670219907005011 0.2697469688143561 0.03308253564846524 0.1605390257806383 0.2592822369862203 0.031866385151597725 0.1546382757630572 0.2497522296479041 0.02995060297280216 0.1453337276660087 0.23472344991025365 0.027434200116128862 0.13308052008030946 0.2149269358610805 0.0244198963554205 0.1182645821049845 0.19096802479261252 0.021045885898179243 0.10119550190549285 0.16328908735766848 0.017542967066495482 0.08205655952597236 0.13203659019566172 0.014320324447197209 0.060597969117782126 0.096450229266055 0.012121067005761422 0.03260674784787312 0.0484774336637551 0.007 0.023 0.34 0.007 0.023 0.34 0.007 0.023 0.34 0.007 0.023 0.34 0.007 0.023 0.34 0.007 0.023 0.34 0.007 0.023 0.34 0.007 0.023 0.34 0.007 0.023 0.34 0.007 0.023 0.34 0.007 0.023 0.34 0.007 0.023 0.34 0.007 0.023 0.34 0.007 0.023 0.34 0.007 0.023 0.34 0.007 0.023 0.34 0.007 0.023 0.34 0.007 0.023 0.34 0.007 0.023 0.34 0.007 0.023 0.34 0.007 0.023 0.34 0.007 0.023 0.34 0.007 0.023 0.34 0.007 0.023 0.34 0.007 0.023 0.34 0.007 0.023 0.34 0.007 0.023 0.34 0.007 0.023 0.34 0.007 0.023 0.34 0.007 0.023 0.34 0.007 0.023 0.34 0.007 0.023 0.34 0.007 0.023 0.34 0.007 0.023 0.34 0.007 0.023 0.34 0.007 0.023 0.34 0.02198161928523881 0.08108324914820471 0.12687051909500097 0.02588384103497634 0.12431251041480036 0.2005672611864366 0.027779074855719104 0.13459891276472993 0.21735447746494596 0.02888994145030482 0.14016920987780496 0.22637958875882244 0.029189183090834406 0.14164171631054057 0.22876104798836525 0.028002142859469618 0.13588951874606636 0.21947212746641367 0.02693036149392081 0.13068831474378964 0.21107177329804744 0.025299151311227293 0.12277033988028134 0.19828331022296403 0.023181649868902733 0.11248125099328836 0.18166352147049525 0.020648842508656326 0.10011833826932184 0.16168502032810947 0.017786604453343697 0.08592647502989331 0.13871585927297053 0.01473083222401418 0.07008235826623008 0.11296434427470993 0.011721187222624382 0.05259992796300808 0.08426954421056101 0.009167580404974071 0.032717154215114924 0.05096150205589393 0.007 0.023 0.34 0.007 0.023 0.34 0.007 0.023 0.34 0.007 0.023 0.34 0.007 0.023 0.34 0.007 0.023 0.34 0.007 0.023 0.34 0.007 0.023 0.34 0.007 0.023 0.34 0.007 0.023 0.34 0.007 0.023 0.34 0.007 0.023 0.34 
