50 50
25
[6. 8. 0.] 2 (0.1771977638783777, 0.3616303918585745, 0.13539930972050607) 0 0.19805419352757359 1 
[ 3.  0. -4.] 1 (0.5923251287690879, 0.5001575286132207, 0.5189466954736934) 0 0.3622314612921198 1 
[-7. -8.  4.] 1 (0.6932277565002393, 0.9749173033546341, 0.37580750442795485) 0 0.228895379827611 1 
[-8.  8.  4.] 4 (0.4872925658199454, 0.9078898529597368, 0.606974846431419) 0 0.24918742942806615 1 
[-4.  6.  1.] 1 (0.40482979372502226, 0.7290616711488664, 0.5337752641922542) 0 0.4132084266451872 1 
[ 6.  5. -4.] 4 (0.27541568977868813, 0.7998420425266364, 0.6343780897368354) 0 0.1535778866437031 1 
[ 8.  6. -4.] 2 (0.22110418830004597, 0.2381150396820847, 0.6489084119911253) 0 0.274678797930078 1 
[-10.  -3.   9.] 4 (0.9321969583565062, 0.8509251131762745, 0.44974765961208474) 0 0.8942283151020808 1 
[1. 4. 2.] 2 (0.9270022002644295, 0.988441379691517, 0.02233136230612176) 0 0.9836754599309435 1 
[-5. -1.  5.] 2 (0.026830895167080815, 0.5315966580514544, 0.5376183696538689) 0 0.7783140665404601 1 
[-9. -3.  6.] 0 (0.9946503604138932, 0.8163840555423263, 0.03062848918182004) 0 0.3542197303302066 1 
[ 6. -2. -1.] 1 (0.1657686546130399, 0.7303235325563675, 0.028106742832409548) 0 0.7200454017060793 1 
[ 5. -6. -3.] 1 (0.9194552868815282, 0.9183032963017086, 0.4230893315027432) 0 0.1832186187818038 1 
[3. 9. 2.] 3 (0.8712657252139736, 0.7115519517888232, 0.07115126897764423) 0 0.3110441448677346 1 
[ 0. -2.  8.] 2 (0.3467494025910539, 0.22015639983604451, 0.557357128928291) 0 0.8244062518150337 1 
[ 4. -9. -4.] 1 (0.4910055752842297, 0.733141740122303, 0.5435985494447084) 0 0.8402937565218727 1 
[-8.  9.  5.] 0 (0.6237920847122976, 0.24548712706134412, 0.8089401655282735) 0 0.3044752753899602 1 
[ 0.  9. -4.] 3 (0.2529920801157489, 0.7469007518958204, 0.44690366712615115) 0 0.5849996190317174 1 
[-9. -7. -6.] 4 (0.6284496050276239, 0.8619446526679315, 0.3788662829563415) 0 0.12004677624099735 1 
[-1.  1. -9.] 3 (0.7920350547734251, 0.24222233207606614, 0.12052708995896344) 0 0.8043761403787582 1 
[ 9.  7. -6.] 3 (0.7177767919923247, 0.9114547955944237, 0.4410939574128421) 0 0.36793217000493095 1 
[-4.  3. -1.] 2 (0.5711221873144707, 0.06251258719975739, 0.3510052913840904) 0 0.33784756813094097 1 
[-5.  6. -8.] 1 (0.843017703668902, 0.5693564630902312, 0.1475988515673522) 0 0.8303816636115439 1 
[ 2. -8. -3.] 0 (0.7885876120188416, 0.6172441545516945, 0.15133185903021873) 0 0.1774865023952512 1 
[-3. -7.  9.] 4 (0.9765035344567617, 0.7061490714579095, 0.5034217686679715) 0 0.6995667248713322 1 
2
[ 0. 10.  0.] 50
[ 0.  0. 50.] 100
0.007 0.023 0.34 0.007 0.023 0.34 0.007 0.023 0.34 0.007 0.023 0.34 0.007 0.023 0.34 0.007 0.023 0.34 0.007 0.023 0.34 0.007 0.023 0.34 0.007 0.023 0.34 0.007 0.023 0.34 0.007 0.023 0.34 0.007 0.023 0.34 0.007 0.023 0.34 0.007 0.023 0.34 0.007 0.023 0.34 0.007 0.023 0.34 0.007 0.023 0.34 0.007 0.023 0.34 0.007 0.023 0.34 0.007 0.023 0.34 0.007 0.023 0.34 0.007 0.023 0.34 0.007 0.023 0.34 0.007 0.023 0.34 0.007 0.023 0.34 0.018702292871378482 0.013526926955057304 0.00964614037018327 0.018224926834892036 0.013185654030761567 0.009406917877223777 0.017799079871029966 0.012881931140782819 0.00919477063141773 0.017402793568025696 0.012598900887400497 0.008996666268327066 0.01702551354554114 0.01232834567639335 0.008806139450162363 0.08053531275251817 0.06164681710027031 0.047483138295545214 0.07931683114806769 0.060658963533711106 0.046668222876745116 0.07663070036304613 0.058738797719074476 0.04532242158620505 0.07258053264233809 0.05596368841057052 0.04350342430166591 0.06728091720037592 0.05242583012818533 0.04128663271509266 0.0608352280220753 0.04821601488431862 0.03875340415331092 0.05328108700262702 0.04338386039557484 0.03596235148874013 0.04443280831622775 0.03782416335137899 0.032868621822827335 0.014232142814605622 0.010291998509290697 0.007337452027019308 0.007 0.023 0.34 0.07518953220245488 0.07032692914546339 0.046323946221042384 0.08447143176859863 0.07836940736904334 0.048248341398763314 0.0884737018417344 0.08168575775786681 0.04817882658799972 0.08955426915057983 0.08242682096839499 0.04724401558482617 0.08851198331687253 0.08130723875709527 0.045742879787982825 0.08573293450119411 0.07866188615209442 0.04375748396422474 0.08147093796640253 0.07470680377234025 0.041317403968231706 0.07594502073017262 0.06963037444429145 0.03845975549857362 0.06937064248614305 0.06362212171924554 0.03524603504481922 0.06196430251423123 0.05687631090982362 0.031760755687893986 0.007 0.023 0.34 0.007 0.023 0.34 0.007 0.023 0.34 0.007 0.023 0.34 0.007 0.023 0.34 0.007 0.023 0.34 0.007 0.023 0.34 0.007 0.023 0.34 0.007 0.023 0.34 0.007 0.023 0.34 0.007 0.023 0.34 0.007 0.023 0.34 0.007 0.023 0.34 0.007 0.023 0.34 0.007 0.023 0.34 0.007 0.023 0.34 0.007 0.023 0.34 0.007 0.023 0.34 0.007 0.023 0.34 0.007 0.023 0.34 0.007 0.023 0.34 0.007 0.023 0.34 0.007 0.023 0.34 0.007 0.023 0.34 0.010378779345935894 0.006687837312656774 0.01651925230063634 0.010374015534659328 0.006754930090017161 0.016394943550652016 0.010378779345935894 0.006687837312656774 0.01651925230063634 0.013148281002033515 0.009512688261747062 0.006786512033304029 0.012794023101132555 0.009257692353532347 0.006605948467813106 0.01245228644291218 0.009011256177654756 0.006430974066694584 0.08868057435402753 0.06713410716965475 0.05097732866306746 0.08726135991731898 0.06599192507825445 0.050042881334122886 0.08423909172192179 0.06381210903483715 0.048494784296214274 0.07973071127123044 0.060681786405540235 0.046397808563140235 0.07387292353726126 0.056709023887880766 0.04383854620950472 0.0668043577462863 0.05200978499826431 0.04091596470076564 0.05862628668661957 0.04667903915063633 0.03772030681876469 0.049305436034286755 0.040719639854880765 0.03428151679803106 0.03834040009160949 0.03380102563648284 0.030397141974147005 0.0629563593272898 0.059671835582241824 0.043458633220620414 0.08636162370392739 0.08055717857768324 0.05190503576074987 0.09457270755572082 0.0876001497387599 0.05318192060129898 0.09808044468833914 0.09044225279140077 0.052738293095974685 0.09873174949067151 0.09077303650867206 0.05148690733704823 0.09725430045808606 0.08924454407179269 0.04970645233046876 0.09400891152245326 0.08616766648709522 0.04746138746658464 0.014639125933147952 0.025799380586135078 0.017814811487749202 0.013861897042142586 0.024360195700080623 0.016849220936851383 0.01317126145023389 0.023211047609120888 0.016028114171558593 0.012568979917627898 0.022280629634718656 0.015332460382624058 0.007 0.023 0.34 0.007 0.023 0.34 0.007 0.023 0.34 0.007 0.023 0.34 0.007 0.023 0.34 0.007 0.023 0.34 0.007 0.023 0.34 0.007 0.023 0.34 0.007 0.023 0.34 0.007 0.023 0.34 0.007 0.023 0.34 0.007 0.023 0.34 0.007 0.023 0.34 0.007 0.023 0.34 0.007 0.023 0.34 0.007 0.023 0.34 0.007 0.023 0.34 0.007 0.023 0.34 0.007 0.023 0.34 0.007 0.023 0.34 0.007 0.023 0.34 0.007 0.023 0.34 0.0076357132392968876 0.004851983241027945 0.012266893738323193 0.007074895706010637 0.0045282873476566385 0.011311586396271684 0.044446979255700896 0.037502503444724285 0.056000226507321595 0.04486971308821997 0.03673609198986688 0.058401293895477026 0.044446979255700896 0.037502503444724285 0.056000226507321595 0.043666385304159144 0.03930298481608939 0.05092560055217409 0.0076357132392968876 0.004851983241027945 0.012266893738323193 0.008209990464793336 0.005938919229736617 0.004235939590266723 0.09705037360106374 0.07300795166592963 0.05497956294475633 0.09540509322815732 0.07168263689019422 0.05389417674937626 0.0920098224647754 0.06920758375952864 0.05210915564774036 0.08699990750674723 0.0656846798188167 0.049701297966726087 0.08053399246027891 0.06123847861863907 0.046769594200488485 0.07277834988271951 0.056004928171354613 0.04342725327601684 0.06387485046464438 0.0501079707318472 0.03978477367748499 0.05386744778379139 0.04360540574014553 0.03591033726763394 0.04248511423430833 0.0363300256895489 0.03171458681248616 0.07736584871483519 0.07298361652424079 0.05135186019766844 0.0966531065747112 0.09009097820441646 0.057698727927361 0.10448933821720904 0.09676221716108235 0.05861928166103838 0.10758927241669669 0.09919191797681454 0.057740548644704334 0.013965848752167042 0.02504170934999064 0.01711751971299687 0.013055255457323847 0.022990059829964823 0.015882235281260097 0.012310298878923247 0.02154733963849665 0.014938727872663883 0.011634390565267782 0.020338902000951644 0.014111286665372792 0.011018885555031029 0.01929410547194325 0.013373625403574969 0.010463903933296523 0.018387545260520086 0.012718600988615979 0.009971681988422493 0.017609522006844496 0.012145053382628623 0.007 0.023 0.34 0.007 0.023 0.34 0.007 0.023 0.34 0.007 0.023 0.34 0.007 0.023 0.34 0.007 0.023 0.34 0.007 0.023 0.34 0.007 0.023 0.34 0.007 0.023 0.34 0.007 0.023 0.34 0.007 0.023 0.34 0.007 0.023 0.34 0.007 0.023 0.34 0.007 0.023 0.34 0.007 0.023 0.34 0.007 0.023 0.34 0.007 0.023 0.34 0.007 0.023 0.34 0.007 0.023 0.34 0.007 0.023 0.34 0.007 0.023 0.34 0.007 0.023 0.34 0.004360726119871748 0.002775181828879403 0.006998532877478426 0.004059026182218785 0.0025902667104841623 0.0065025426969265426 0.04845692458461227 0.03713406089160795 0.06729432101342656 0.04938611848951178 0.03687414088956262 0.07020179626759071 0.04845692458461227 0.03713406089160795 0.06729432101342656 0.046892944011987896 0.03804290215514279 0.061616405442685096 0.04470875828075106 0.040020895680979655 0.05250776819467111 0.004249471487751689 0.003073341658440664 0.002191411967389006 0.10549427658831306 0.07919182171497045 0.05946873050323247 0.10356687953546043 0.07762319593582434 0.058169132029314695 0.09973272781673892 0.07478610067634975 0.056079686963849525 0.09415879984616145 0.07081032625854064 0.05330229986172629 0.0870302460800121 0.0658418812916893 0.049953628527449896 0.07853694142869236 0.06003391563285888 0.04615928426397376 0.06884763692017279 0.053528868901466534 0.042041976885519826 0.05804841085966588 0.046413600254145024 0.03768915107595992 0.04596972730324897 0.03859201089953361 0.03305977543841363 0.08702213069691968 0.08205728809142594 0.05754962606650314 0.1064008354322824 0.09926513492951025 0.06404159409872885 0.11438911017243193 0.1060472505587996 0.06486981709010581 0.01189152726050023 0.021283932885400456 0.01456416581520988 0.011075336118351712 0.01959811234555444 0.013500518893422379 0.010381268509966327 0.018271644672730663 0.012626499858137574 0.00975664099493185 0.017138495591382266 0.011857170932377304 0.009189081213473718 0.016145968345220425 0.011168685322539992 0.008674598088961285 0.015270417507385328 0.010551459244834752 0.00821179735273611 0.014499634100444036 0.01000102107121482 0.007800503080775268 0.013827449359293208 0.009515489595883532 0.007 0.023 0.34 0.007 0.023 0.34 0.007 0.023 0.34 0.007 0.023 0.34 0.007 0.023 0.34 0.007 0.023 0.34 0.007 0.023 0.34 0.007 0.023 0.34 0.007 0.023 0.34 0.007 0.023 0.34 0.007 0.023 0.34 0.007 0.023 0.34 0.007 0.023 0.34 0.007 0.023 0.34 0.007 0.023 0.34 0.007 0.023 0.34 0.007 0.023 0.34 0.007 0.023 0.34 0.007 0.023 0.34 0.007 0.023 0.34 0.007 0.023 0.34 0.0021746426896020665 0.0013812188473415344 0.003494630270302951 0.0016422142839520974 0.0010442636350512134 0.0026370009142258426 0.0014071244151584188 0.0008955862280073789 0.0022581500815536284 0.05496742006711637 0.03993606434819432 0.07997448667296109 0.0563813107128646 0.040094937615129146 0.08347629964390395 0.05496742006711637 0.03993606434819432 0.07997448667296109 0.05250744934404325 0.04004951677759808 0.07323321455682721 0.04938851942301791 0.04107232627037652 0.06322383807051558 0.04250549383587313 0.041581547060030616 0.044042627211983945 0.11402999841628146 0.08579563023180083 0.06462387946975738 0.11169950841120044 0.08385715290594146 0.06297935576403262 0.1075235678428906 0.08068516385244803 0.06056018721319709 0.1015228620058756 0.0763195690835889 0.05742069262752828 0.09390522965583618 0.07092950599820119 0.0537009889058864 0.0848811074905668 0.0646828255960583 0.049536993845975694 0.07463264276922695 0.0577285759504339 0.04505293585060928 0.0 0.0 0.0 0.0 0.0 0.0 0.09359571554854373 0.08842012676228711 0.06287217069753608 0.11555619644365074 0.1080639641438745 0.07108049626677627 0.010253496446183286 0.018478422093943406 0.012593924902291137 0.009437721744640396 0.016839292419057874 0.01154386195406801 0.008759915772842053 0.015544815965643033 0.01069058045762343 0.008159893088773292 0.01444119876537467 0.009947258370431871 0.007619209703293476 0.013473841204734407 0.009285163506745707 0.007130039490995937 0.012616465229729734 0.008691219186857621 0.006688337578321667 0.0118543301415828 0.008158337006509876 0.006291774800529438 0.011178571655809336 0.007682328212088861 0.005939068122272352 0.01058398611055053 0.0072607941416454255 0.007 0.023 0.34 0.007 0.023 0.34 0.007 0.023 0.34 0.007 0.023 0.34 0.007 0.023 0.34 0.007 0.023 0.34 0.007 0.023 0.34 0.007 0.023 0.34 0.007 0.023 0.34 0.007 0.023 0.34 0.007 0.023 0.34 0.007 0.023 0.34 0.007 0.023 0.34 0.007 0.023 0.34 0.007 0.023 0.34 0.007 0.023 0.34 0.007 0.023 0.34 0.007 0.023 0.34 0.007 0.023 0.34 0.007 0.023 0.34 0.007 0.023 0.34 0.0 0.0 0.0 0.0 0.0 0.0 0.06093926465932198 0.045342236114884506 0.08688741856888692 0.06440954110961797 0.046008674264917664 0.09502232889771102 0.0663653537261534 0.04659121461062056 0.09926279978372236 0.06440954110961797 0.046008674264917664 0.09502232889771102 0.06093926465932198 0.045342236114884506 0.08688741856888692 0.05643674770888954 0.0452981974229748 0.0749675092783054 0.048837369284458386 0.045051080238274935 0.05513646725921377 0.12623931755633985 0.09562005659179064 0.07265997625906594 0.12348439821785123 0.09321654599542877 0.07051997211892432 0.11840480453471569 0.08920675824977581 0.06731238630405814 0.1114261270660738 0.08397144225564726 0.06338434286461822 0.10285474724053725 0.07776844906191732 0.058957301983656035 0.09290640570783718 0.070766217331245 0.05416423257737493 0.0 0.0 0.0 0.0 0.0 0.0 0.0 0.0 0.0 0.0 0.0 0.0 0.00893468025003815 0.016235006526682007 0.011012011047719239 0.008075114639987481 0.014535094384065519 0.009913322189381915 0.007389606787808723 0.013226184136828616 0.009050423225418797 0.006795656123165214 0.01212338237239006 0.008311677380261232 0.006266730064398982 0.011161923261148414 0.00765967268132561 0.005790853205500933 0.010310488403069954 0.007076929612829652 0.005361458605210591 0.009551219414645333 0.006553668218115354 0.004974460958759688 0.00887293008379014 0.006083782606909042 0.0046271530950639395 0.008268322743895822 0.005663259368190327 0.004317776107380492 0.0077327482002005595 0.00528951715467213 0.007 0.023 0.34 0.007 0.023 0.34 0.007 0.023 0.34 0.007 0.023 0.34 0.007 0.023 0.34 0.007 0.023 0.34 0.007 0.023 0.34 0.007 0.023 0.34 0.007 0.023 0.34 0.007 0.023 0.34 0.007 0.023 0.34 0.007 0.023 0.34 0.007 0.023 0.34 0.007 0.023 0.34 0.007 0.023 0.34 0.007 0.023 0.34 0.007 0.023 0.34 0.007 0.023 0.34 0.007 0.023 0.34 0.007 0.023 0.34 0.007 0.023 0.34 0.0 0.0 0.0 0.0 0.0 0.0 0.0 0.0 0.0 0.07799756026171324 0.05680334734294923 0.11325752643035329 0.081310278186125 0.0586177753979581 0.11906288941351076 0.07799756026171324 0.05680334734294923 0.11325752643035329 0.07275592110216773 0.05462085932234856 0.10292649961213923 0.06638201562479135 0.053118868767925445 0.08844738371632174 0.055736091209952925 0.05065927379540646 0.06418218972596756 0.13984398695058892 0.10736813578193388 0.08301587749035597 0.13590260934143372 0.10379841223545593 0.07972484150413407 0.12922546261167175 0.09825260746126875 0.07502738190110739 0.12072670479283529 0.09159651038150804 0.06975301766735235 0.11086162878437321 0.084233028525455 0.06426537477311117 0.0 0.0 0.0 0.0 0.0 0.0 0.0 0.0 0.0 0.0 0.0 0.0 0.00790861990606076 0.01448860061373737 0.009780974106986681 0.006944831347207973 0.012604811411455003 0.008555396472130938 0.006228180757385625 0.011237998958922637 0.00765374027985953 0.005624847623551239 0.010111300949809639 0.006901482025059097 0.005095817755264214 0.009139440701865594 0.006246443379773514 0.004623829098235928 0.008282967209683523 0.0056650483539009205 0.004199469299247813 0.007519812419358894 0.0051442833747970765 0.0038168769949106763 0.006836180918333964 0.004676029420433494 0.0034720872389400617 0.0062228744828203625 0.004254832398956092 0.0031623179985848667 0.00567360516644837 0.0038769126588693455 0.0028856545798740738 0.0051841773294339566 0.0035397064558987767 0.007 0.023 0.34 0.007 0.023 0.34 0.007 0.023 0.34 0.007 0.023 0.34 0.007 0.023 0.34 0.007 0.023 0.34 0.007 0.023 0.34 0.007 0.023 0.34 0.007 0.023 0.34 0.007 0.023 0.34 0.007 0.023 0.34 0.007 0.023 0.34 0.007 0.023 0.34 0.007 0.023 0.34 0.007 0.023 0.34 0.007 0.023 0.34 0.007 0.023 0.34 0.007 0.023 0.34 0.007 0.023 0.34 0.007 0.023 0.34 0.007 0.023 0.34 0.007 0.023 0.34 0.0 0.0 0.0 0.0 0.0 0.0 0.0 0.0 0.0 0.10795871516406634 0.08370361217469864 0.14831096198257476 0.09846981253883037 0.07587289148353923 0.13606340825191243 0.08765160908864386 0.06846206492636242 0.11957648785376321 0.07706582421781275 0.06342014619358903 0.09976759414559842 0.15526317855893865 0.12212469823491615 0.09727556254790867 0.1551144094189662 0.12150922856770766 0.09631013402280773 0.14931676635981567 0.11609039332676745 0.09117535063886181 0.14004901580303353 0.1080025690930727 0.08397230292528463 0.12926441789333304 0.0991474547107573 0.07656402610187443 0.11765893264788138 0.09016561627497854 0.06954954871979749 0.0 0.0 0.0 0.0 0.0 0.0 0.0 0.0 0.0 0.007270866409038649 0.013428649523430387 0.0090230829572074 0.006027751680200427 0.011022935264607995 0.0074491468763520224 0.005246827664893546 0.00953626687125902 0.006467401079080745 0.004617566720859917 0.00835731499848029 0.005681723852785678 0.004077427417234712 0.007358210213542476 0.005010984478249463 0.0036011697192528704 0.006485705744183081 0.004421973515485775 0.0031756377199205228 0.005711512133841342 0.003897228758384486 0.0027928660221993927 0.005018427943194951 0.0034261566650329303 0.0024475464878281994 0.004395095532624599 0.003001727692535923 0.0021359344755185194 0.0038336543199246472 0.0026190259956745906 0.0018553313078552471 0.003328580222752695 0.002274548919177363 0.0016038330825591176 0.0028760875411484735 0.001965857089317587 0.007 0.023 0.34 0.007 0.023 0.34 0.007 0.023 0.34 0.007 0.023 0.34 0.007 0.023 0.34 0.007 0.023 0.34 0.007 0.023 0.34 0.007 0.023 0.34 0.007 0.023 0.34 0.007 0.023 0.34 0.007 0.023 0.34 0.007 0.023 0.34 0.007 0.023 0.34 0.007 0.023 0.34 0.007 0.023 0.34 0.007 0.023 0.34 0.007 0.023 0.34 0.007 0.023 0.34 0.007 0.023 0.34 0.007 0.023 0.34 0.007 0.023 0.34 0.007 0.023 0.34 0.0 0.0 0.0 0.0 0.0 0.0 0.0 0.0 0.0 0.0 0.0 0.0 0.0 0.0 0.0 0.10269730972780418 0.08458267181709338 0.13283390986185983 0.08387477811244266 0.07276889135094106 0.1023511986798987 0.1691770181942076 0.1358213941957055 0.11080943171103086 0.16958989563464263 0.13571374475730827 0.11031146132507161 0.16187710453761137 0.1283707192813928 0.10324570734747633 0.14962857159959433 0.11733462837595521 0.09311877510850777 0.1362002513302524 0.1059072153884154 0.08319175731279509 0.0 0.0 0.0 0.04581794062695942 0.06458039056284252 0.06480422123991345 0.040972063514475 0.06439365293354356 0.06467306581595829 0.040111170241955874 0.05944102084164402 0.059671620446823156 0.0053487710840971585 0.009848478896765371 0.006629177091391274 0.004432668722172933 0.008108187770130927 0.005478549224831333 0.0037537551040197578 0.00683401843804054 0.004630253721513174 0.003189727825278424 0.005786110383479808 0.0039285366464635076 0.0027008271445377635 0.004884676332539432 0.0033222482980334233 0.002268156235425784 0.004091216263867708 0.0027869136990777772 0.0018808783863999497 0.003383545373542664 0.002308467002683722 0.0015320216173578735 0.002747465187162581 0.0018778799070724957 0.0012167623019200796 0.002173279889791681 0.001488942389290473 0.0009316230954196397 0.0016541259150638175 0.0011372135446383375 0.0006740667635070337 0.0011851009519620735 0.0008194831487639476 0.00044228490183745707 0.000762794152381068 0.0005334868169115891 0.007 0.023 0.34 0.007 0.023 0.34 0.007 0.023 0.34 0.007 0.023 0.34 0.007 0.023 0.34 0.007 0.023 0.34 0.007 0.023 0.34 0.007 0.023 0.34 0.007 0.023 0.34 0.007 0.023 0.34 0.007 0.023 0.34 0.007 0.023 0.34 0.007 0.023 0.34 0.007 0.023 0.34 0.007 0.023 0.34 0.007 0.023 0.34 0.007 0.023 0.34 0.007 0.023 0.34 0.007 0.023 0.34 0.007 0.023 0.34 0.007 0.023 0.34 0.007 0.023 0.34 0.007 0.023 0.34 0.0 0.0 0.0 0.0 0.0 0.0 0.0 0.0 0.0 0.0 0.0 0.0 0.0 0.0 0.0 0.0 0.0 0.0 0.0 0.0 0.0 0.1768232283416844 0.1436757074577646 0.11881979263974761 0.16859507415925704 0.13578840940526643 0.11118808808880835 0.15488342532880148 0.12330295765207833 0.09962210932454736 0.13976580700737218 0.11024085047679838 0.08810134245447733 0.04302169936074375 0.08454554659619605 0.08504091425196926 0.033967060230757976 0.08545348172966408 0.08606770005527936 0.029085214235241408 0.08105373977290009 0.08167370946221154 0.12090899918221236 0.22177232612131204 0.1496099760245094 0.0038016124478649008 0.006993909170160229 0.004709990518277546 0.0030259086835698044 0.005536800037839472 0.0037403907138515327 0.002418977163942808 0.004405945816673765 0.0029843753420421117 0.0019068982490266448 0.0034576810446284175 0.0023481783699061923 0.0014603217439037334 0.0026342549652732766 0.0017943681334430556 0.0010638990002647315 0.0019053131693216186 0.00130332604787207 0.0007083058375609039 0.0012524613792549272 0.0008631470080310953 0.0003873267621578893 0.0006635442141066736 0.0004659253066676004 9.657250894594727e-05 0.00013008797732892615 0.00010610944086273224 0.0 0.0 0.0 0.0 0.0 0.0 0.0 0.0 0.0 0.007 0.023 0.34 0.007 0.023 0.34 0.007 0.023 0.34 0.007 0.023 0.34 0.007 0.023 0.34 0.007 0.023 0.34 0.007 0.023 0.34 0.007 0.023 0.34 0.007 0.023 0.34 0.007 0.023 0.34 0.007 0.023 0.34 0.007 0.023 0.34 0.007 0.023 0.34 0.01862243488339043 0.015302828678222228 0.0019922792192537783 0.01820009057991211 0.015013045003354408 0.00223402088033846 0.01819794641014677 0.015049416435126993 0.0024248274431257913 0.0184063543194843 0.01524540294809088 0.002571008165715047 0.01877423565224094 0.015558664290678146 0.0026652609766680867 0.019299912240393513 0.01598421406765934 0.002689334557409338 0.02004534098846163 0.016563805432324497 0.002603971539685896 0.021587907892735864 0.017727060859391776 0.0022463103683153414 0.007 0.023 0.34 0.007 0.023 0.34 0.007 0.023 0.34 0.007 0.023 0.34 0.0 0.0 0.0 0.0 0.0 0.0 0.0 0.0 0.0 0.0 0.0 0.0 0.0 0.0 0.0 0.17271478101555418 0.14145577301700424 0.11801597361756899 0.16575290597928938 0.13478105110132715 0.11155657560288748 0.15303527719663113 0.12328294327722375 0.10097293463049153 0.050924651372119975 0.09939915828252222 0.09997744532603264 0.03727192278186735 0.10608749202132983 0.10690844213757406 0.028040596386629348 0.10406035088289937 0.1049672448747721 0.022913311051515554 0.09767836665798765 0.09857029244991934 0.18046960585804375 0.3350267429864743 0.22444932522832778 0.002449371822923409 0.0045022826829472775 0.00303353406346125 0.0017622042803448188 0.003219425308913916 0.0021768611062129833 0.0012105287400186687 0.002194807276955907 0.0014906082927391802 0.0007408580889454191 0.0013255613128997522 0.0009072372299037806 0.00032950190054878924 0.0005658911356497573 0.0003967672007157933 0.0 0.0 0.0 0.0 0.0 0.0 0.0 0.0 0.0 0.0 0.0 0.0 0.0 0.0 0.0 0.0 0.0 0.0 0.0 0.0 0.0 0.007 0.023 0.34 0.007 0.023 0.34 0.007 0.023 0.34 0.007 0.023 0.34 0.007 0.023 0.34 0.007 0.023 0.34 0.007 0.023 0.34 0.007 0.023 0.34 0.007 0.023 0.34 0.007 0.023 0.34 0.007 0.023 0.34 0.015212473835813414 0.012457031641953345 0.0014085977808518742 0.014102587456300454 0.011586826280449264 0.0014994359430091661 0.013728238273307812 0.01130646597587237 0.0015959407053785111 0.01361722012171811 0.011236045110132072 0.001688301852865265 0.013672819048440706 0.011297720799382129 0.0017743433985371836 0.013858765319246796 0.011462015607034652 0.0018518228270896328 0.014161412439690784 0.011717311206538628 0.0019172541106250085 0.014581104003621469 0.01206278496614754 0.0019651384291661717 0.015133784337022121 0.01250948609272543 0.0019868971418395332 0.015866748798231172 0.013092532012494166 0.001968818097583631 0.01693917600578386 0.013934406141476629 0.0018862487939538886 0.007 0.023 0.34 0.007 0.023 0.34 0.007 0.023 0.34 0.0 0.0 0.0 0.0 0.0 0.0 0.0 0.0 0.0 0.0 0.0 0.0 0.0 0.0 0.0 0.0 0.0 0.0 0.15401073867859763 0.1262106522452295 0.10536455088093358 0.1435594821371931 0.11695260718843778 0.09700124432133675 0.05246531519249459 0.12384030999509693 0.12469179332841399 0.03822392923857925 0.12763309960932556 0.12869972551419526 0.02765777526736916 0.12324177718806215 0.12438206707238796 0.021244459915747735 0.11448450335985016 0.11559683048799889 0.23634911415971865 0.4397139362351594 0.2942172137560098 0.23222486330393344 0.4326249996734589 0.28924935226023896 0.20352002228027377 0.3791461011786976 0.2534949752818796 0.00010487175642313838 0.0001609157777875056 0.00012081925893115216 0.0 0.0 0.0 0.0 0.0 0.0 0.0 0.0 0.0 0.0 0.0 0.0 0.0 0.0 0.0 0.0 0.0 0.0 0.0 0.0 0.0 0.0 0.0 0.0 0.0 0.0 0.0 0.007 0.023 0.34 0.007 0.023 0.34 0.007 0.023 0.34 0.007 0.023 0.34 0.007 0.023 0.34 0.007 0.023 0.34 0.007 0.023 0.34 0.007 0.023 0.34 0.007 0.023 0.34 0.007 0.023 0.34 0.011658035093609914 0.009542474081149065 0.0010597572317875145 0.010596242920016225 0.008693150559088737 0.0010623644267839802 0.010138080545661777 0.008331842810411712 0.0010894124666345534 0.009923908160461022 0.008167443610661176 0.0011245876759311223 0.00986539656702171 0.00812857122948631 0.0011644621972575582 0.009926582874890661 0.008186140439456877 0.0012075280120966696 0.01009106813301048 0.008326783138775622 0.0012525697459587403 0.01035275295124764 0.008545324988804597 0.0012981222181368977 0.010713120277364614 0.008842545651500753 0.0013421451414978676 0.011181888063072505 0.009225638865911063 0.0013817109770109634 0.011781877104593273 0.00971203430049104 0.0014126327108085947 0.01256512428351072 0.010342210531980187 0.001429043847720107 0.013682005940123523 0.01123503932883272 0.0014234929914019247 0.007 0.023 0.34 0.007 0.023 0.34 0.007 0.023 0.34 0.007 0.023 0.34 0.0 0.0 0.0 0.0 0.0 0.0 0.0 0.0 0.0 0.0 0.0 0.0 0.13474801512624127 0.1118081324067014 0.0946064909081123 0.0741276053258479 0.11644202436620152 0.11694682331815241 0.06304643177192958 0.14884056108356103 0.1498640605795307 0.04907630012244528 0.1529294985545487 0.15416843759505117 0.035051140097335565 0.1451213053653962 0.14643441104730076 0.024509135057151694 0.13199760226469864 0.13327990902498837 0.2942452066526637 0.5477548167715464 0.3663821633655329 0.28322216427339525 0.5276556508527767 0.3527764814934949 0.2466158488023502 0.45947629167860154 0.3071859571562134 0.0 0.0 0.0 0.0 0.0 0.0 0.0 0.0 0.0 0.0 0.0 0.0 0.0 0.0 0.0 0.0 0.0 0.0 0.0 0.0 0.0 0.0 0.0 0.0 0.0 0.0 0.0 0.0 0.0 0.0 0.007 0.023 0.34 0.007 0.023 0.34 0.007 0.023 0.34 0.007 0.023 0.34 0.007 0.023 0.34 0.007 0.023 0.34 0.007 0.023 0.34 0.007 0.023 0.34 0.007 0.023 0.34 0.009068906675958706 0.00741654447724673 0.0007911053706912758 0.007692963899460921 0.006303013212529699 0.0007297595732511937 0.007119382489207867 0.0058410466703614095 0.0007153326277029888 0.006810700834339513 0.00559405296974197 0.0007156877134469454 0.006660803303166346 0.005475976524506505 0.0007252035523662797 0.006627552166793178 0.005452680067586873 0.0007418221471200044 0.0066907594038242936 0.0055078012384037305 0.0007645208022463549 0.006840704561748502 0.005633424834499865 0.0007926227853487725 0.007074086186101552 0.005826786477367757 0.0008255172191616066 0.007392736803851203 0.006089211900116062 0.0008624977569894048 0.007804007046772063 0.006426399589341153 0.0009026383165040394 0.008323151924844353 0.006850310565448469 0.0009446920830719227 0.008980043763035178 0.00738453832964321 0.000987076501142792 0.009839840781945748 0.008080937673917606 0.0010283039077520668 0.011098379775030514 0.009096673342405395 0.0010704766109042609 0.007 0.023 0.34 0.007 0.023 0.34 0.007 0.023 0.34 0.007 0.023 0.34 0.0 0.0 0.0 0.0 0.0 0.0 0.0 0.0 0.0 0.1046561748228606 0.08933327787766573 0.07784328975551394 0.0844531871977965 0.12830623635846639 0.12882939072896704 0.08378481528820916 0.1773524872248205 0.17846872286745197 0.07626944426081342 0.18993267557959131 0.1912886455148125 0.05792718327756392 0.17853340068751583 0.17997219846680812 0.03613679525500474 0.15401741238522917 0.1554236945304694 0.35374165571969746 0.6585331175304993 0.4404710245857824 0.3390404804221195 0.6316768065942472 0.4223110672207519 0.0 0.0 0.0 0.0 0.0 0.0 0.0 0.0 0.0 0.0 0.0 0.0 0.0 0.0 0.0 0.0 0.0 0.0 0.0 0.0 0.0 0.0 0.0 0.0 0.0 0.0 0.0 0.0 0.0 0.0 0.0 0.0 0.0 0.007 0.023 0.34 0.007 0.023 0.34 0.007 0.023 0.34 0.007 0.023 0.34 0.007 0.023 0.34 0.007 0.023 0.34 0.007 0.023 0.34 0.007 0.023 0.34 0.007 0.023 0.34 0.0052834848887604886 0.004324740809235833 0.0004804864910163372 0.0045304299965819505 0.00371297525718927 0.0004352455908769068 0.004119595757634248 0.0033797048473810727 0.00041298110170502107 0.003886970013872989 0.0031915421111459777 0.0004031006749348568 0.003775825770562431 0.0031023916153964585 0.00040213800828491097 0.0037597076888154415 0.0030907672622096133 0.00040853205624512555 0.003824998235964271 0.003145608795616905 0.0004214764170336764 0.0039650223758658665 0.0032614851943907545 0.00044052816772040205 0.0041777439707854575 0.0034367167690643632 0.0004654368613471739 0.004465014967736866 0.0036727561345546843 0.0004960539200094159 0.004832847159756782 0.003974395145064205 0.000532279636927397 0.005292881530246953 0.004350937221112971 0.0005740445599286445 0.005866165808820641 0.004819232790807664 0.000621369292783888 0.006593152361190827 0.00541174742133016 0.0006746949183546584 0.007567303965603789 0.006203768987321275 0.0007364338138881829 0.009148694619632844 0.007486746401944476 0.0008228704532415139 0.007 0.023 0.34 0.007 0.023 0.34 0.007 0.023 0.34 0.007 0.023 0.34 0.007 0.023 0.34 0.007 0.023 0.34 0.007 0.023 0.34 0.007 0.023 0.34 0.105292804284152 0.19590758655908003 0.19698859507015093 0.11120765316998008 0.22556397012704105 0.22692820837627323 0.0951820461004669 0.2179945804649789 0.219459698976343 0.05792718327756392 0.17853340068751583 0.17997219846680812 0.4123559488115638 0.7670122531779004 0.5132745154253626 0.39757881411285917 0.7407413869978366 0.4952268032919353 0.0 0.0 0.0 0.0 0.0 0.0 0.0 0.0 0.0 0.0 0.0 0.0 0.0 0.0 0.0 0.0 0.0 0.0 0.0 0.0 0.0 0.0 0.0 0.0 0.0 0.0 0.0 0.0 0.0 0.0 0.0 0.0 0.0 0.007 0.023 0.34 0.007 0.023 0.34 0.007 0.023 0.34 0.007 0.023 0.34 0.007 0.023 0.34 0.007 0.023 0.34 0.007 0.023 0.34 0.007 0.023 0.34 0.003497384851063246 0.002860602226509137 0.00030730942763942113 0.002316252547714792 0.0018978628414764295 0.00022025515736655583 0.001765086051823103 0.0014485988535953146 0.0001795873369332408 0.001443026733516205 0.001186153601127117 0.00015617524766399537 0.0012589033192605468 0.001036265940465003 0.00014356190910745742 0.0011747780938197532 0.0009680417877236477 0.0001390959257197471 0.0011714976494228682 0.0009658863914744979 0.00014145160942666016 0.0012388190829449549 0.0010214614029077967 0.000149927259515437 0.001371686516677083 0.0011306513233037623 0.0001641779934995594 0.0015686934593473606 0.0012923090181383111 0.00018409661370463441 0.001831579749855639 0.001507841981734776 0.0002097580199684549 0.0021654462761908915 0.0017813804016715337 0.00024140020452256063 0.002579797788452988 0.002120615260003292 0.000279441524965593 0.003091073898856454 0.002538841118363774 0.0003245659051870862 0.003728792904842562 0.003059928006083852 0.0003779956424092222 0.0045532883947000235 0.003732707144793725 0.0004424411804226538 0.005731493247057163 0.004692553636009926 0.0005267411199964483 0.0172760569612543 0.01841660036172193 0.0004819466972433175 0.007 0.023 0.34 0.007 0.023 0.34 0.007 0.023 0.34 0.007 0.023 0.34 0.007 0.023 0.34 0.007 0.023 0.34 0.007 0.023 0.34 0.10997895627978649 0.17883218774693277 0.17965358716281277 0.12193481187911936 0.22453164264284892 0.22575559357535785 0.11120765316998008 0.22556397012704105 0.22692820837627323 0.07626944426081335 0.18993267557959123 0.19128864551481245 0.46372147715182677 0.8583185183743732 0.5760053060305369 0.4558028894447599 0.8492204408961018 0.5677510908002027 0.3965339009161872 0.7387595040706217 0.49391527241216343 0.0 0.0 0.0 0.0 0.0 0.0 0.0 0.0 0.0 0.0 0.0 0.0 0.0 0.0 0.0 0.0 0.0 0.0 0.0 0.0 0.0 0.0 0.0 0.0 0.0 0.0 0.0 0.0 0.0 0.0 0.007 0.023 0.34 0.007 0.023 0.34 0.007 0.023 0.34 0.007 0.023 0.34 0.007 0.023 0.34 0.007 0.023 0.34 0.007 0.023 0.34 0.007 0.023 0.34 0.0005440671888694126 0.00044736989611289567 5.9644961817940085e-05 0.0 0.0 0.0 0.0 0.0 0.0 0.0 0.0 0.0 0.0 0.0 0.0 0.0 0.0 0.0 0.0 0.0 0.0 0.0 0.0 0.0 0.0 0.0 0.0 0.0 0.0 0.0 0.0 0.0 0.0 0.0 0.0 0.0 0.00011078416932641177 9.638978096317655e-05 3.8672929505871264e-05 0.0005742053883218639 0.00047547624739234566 7.96042577154166e-05 0.0011463498952869518 0.0009433046088395923 0.00012915854432738597 0.0018724528326768965 0.001536642990693125 0.00019015390907421405 0.0028611443754673928 0.002343811678379732 0.0002694745354360124 0.38518959545309267 0.39857471364789165 0.18809832232126159 0.012444948084685837 0.013268644825589808 0.00031629617615162235 0.007 0.023 0.34 0.007 0.023 0.34 0.007 0.023 0.34 0.007 0.023 0.34 0.007 0.023 0.34 0.007 0.023 0.34 0.007 0.023 0.34 0.10997895627978649 0.17883218774693277 0.17965358716281277 0.105292804284152 0.19590758655908003 0.19698859507015093 0.08378481528820914 0.17735248722482044 0.1784687228674519 0.5085406226325848 0.9119095062725918 0.6233205068539848 0.5079072909043558 0.9462882006211674 0.6326499572402007 0.44766765442874834 0.8340451578383301 0.5576125879766834 0.0 0.0 0.0 0.0 0.0 0.0 0.0 0.0 0.0 0.0 0.0 0.0 0.0 0.0 0.0 0.0 0.0 0.0 0.0 0.0 0.0 0.0 0.0 0.0 0.0 0.0 0.0 0.0 0.0 0.0 0.007 0.023 0.34 0.007 0.023 0.34 0.007 0.023 0.34 0.007 0.023 0.34 0.007 0.023 0.34 0.007 0.023 0.34 0.007 0.023 0.34 0.007 0.023 0.34 0.0 0.0 0.0 0.0 0.0 0.0 0.0 0.0 0.0 0.0 0.0 0.0 0.0 0.0 0.0 0.0 0.0 0.0 0.0 0.0 0.0 0.0 0.0 0.0 0.0 0.0 0.0 0.0 0.0 0.0 0.0 0.0 0.0 0.0 0.0 0.0 0.0 0.0 0.0 0.0 0.0 0.0 0.0 0.0 0.0 0.0 0.0 0.0 0.0003130770818640419 0.00025953383755083484 4.484270927332851e-05 0.620109387030292 0.6499447012235833 0.18079462170166802 0.42864630877141613 0.44229483896284744 0.22767638436292523 0.007 0.023 0.34 0.007 0.023 0.34 0.007 0.023 0.34 0.007 0.023 0.34 0.007 0.023 0.34 0.007 0.023 0.34 0.007 0.023 0.34 0.007 0.023 0.34 0.007 0.023 0.34 0.0844531871977965 0.12830623635846639 0.12882939072896704 0.07404835219614847 0.11487382291411845 0.11536085913720068 0.5433536065894867 1.0114670183978842 0.6765567498884738 0.4929273955095588 0.9183877299713907 0.6139934715282287 0.4131340087620921 0.7695706052131766 0.514559163086682 0.0 0.0 0.0 0.0 0.0 0.0 0.0 0.0 0.0 0.0 0.0 0.0 0.0 0.0 0.0 0.0 0.0 0.0 0.0 0.0 0.0 0.0 0.0 0.0 0.0 0.0 0.0 0.007 0.023 0.34 0.007 0.023 0.34 0.007 0.023 0.34 0.007 0.023 0.34 0.007 0.023 0.34 0.007 0.023 0.34 0.007 0.023 0.34 0.007 0.023 0.34 0.0 0.0 0.0 0.0 0.0 0.0 0.0 0.0 0.0 0.0 0.0 0.0 0.0 0.0 0.0 0.0 0.0 0.0 0.0 0.0 0.0 0.0 0.0 0.0 0.0 0.0 0.0 0.0 0.0 0.0 0.0 0.0 0.0 0.0 0.0 0.0 0.0 0.0 0.0 0.0 0.0 0.0 0.0 0.0 0.0 0.0 0.0 0.0 0.0 0.0 0.0 0.8687066802488003 0.914039836834555 0.201191502830129 0.6305621686581472 0.656909590363362 0.24260542355896375 0.003485322366425783 0.003716228555474655 8.530795405059809e-05 0.007 0.023 0.34 0.007 0.023 0.34 0.007 0.023 0.34 0.007 0.023 0.34 0.007 0.023 0.34 0.007 0.023 0.34 0.007 0.023 0.34 0.007 0.023 0.34 0.007 0.023 0.34 0.007 0.023 0.34 0.5589231173427276 1.018491649538429 0.6896947882787985 0.5234759933652945 0.9753029254515788 0.6520447676469961 0.44766765442874135 0.8340451578383171 0.5576125879766748 0.3649959713776401 0.6798708547415939 0.454594609553698 0.2900516787840789 0.5401672684901314 0.36122285631607953 0.0 0.0 0.0 0.0 0.0 0.0 0.0 0.0 0.0 0.0 0.0 0.0 0.0 0.0 0.0 0.0 0.0 0.0 0.0 0.0 0.0 0.007 0.023 0.34 0.007 0.023 0.34 0.007 0.023 0.34 0.007 0.023 0.34 0.007 0.023 0.34 0.007 0.023 0.34 0.003630572887533002 0.007236736962929196 0.0028132983876684977 0.0038384757837635897 0.0074818529277492106 0.0030127675877654717 0.0 0.0 0.0 0.0 0.0 0.0 0.0 0.0 0.0 0.0 0.0 0.0 0.0 0.0 0.0 0.0 0.0 0.0 0.0 0.0 0.0 0.0 0.0 0.0 0.0 0.0 0.0 0.0 0.0 0.0 0.0 0.0 0.0 0.0 0.0 0.0 0.0 0.0 0.0 0.0 0.0 0.0 0.0 0.0 0.0 0.0 0.0 0.0 0.0 0.0 0.0 1.1150789496753906 1.1730422216091527 0.2615896570107362 0.8118405192233626 0.8476273333813424 0.2848919588087684 0.4152004930869516 0.4222273999435882 0.31173170047730087 0.007 0.023 0.34 0.007 0.023 0.34 0.007 0.023 0.34 0.007 0.023 0.34 0.007 0.023 0.34 0.007 0.023 0.34 0.007 0.023 0.34 0.12313903092020882 0.13746585877951784 0.12883674199445555 0.009056936253639396 0.0160757504574749 0.011848285169812012 0.007 0.023 0.34 0.007 0.023 0.34 0.5236259456210561 0.9740488263006107 0.6517951926599742 0.46819270378406286 0.8723043091783457 0.5831839318161086 0.38830052113537383 0.7234404158853646 0.4836656320240632 0.0 0.0 0.0 0.0 0.0 0.0 0.0 0.0 0.0 0.0 0.0 0.0 0.0 0.0 0.0 0.0 0.0 0.0 0.0 0.0 0.0 0.0 0.0 0.0 0.007 0.023 0.34 0.007 0.023 0.34 0.007 0.023 0.34 0.007 0.023 0.34 0.002498814590654753 0.005068590453922923 0.0019164194917335752 0.0025013874207494144 0.005005064598040525 0.001933972441810066 0.0025988221073695475 0.005130838890757695 0.0020249844485645393 0.0 0.0 0.0 0.0 0.0 0.0 0.0 0.0 0.0 0.0 0.0 0.0 0.0 0.0 0.0 0.0 0.0 0.0 0.0 0.0 0.0 0.0 0.0 0.0 0.0 0.0 0.0 0.0 0.0 0.0 0.0 0.0 0.0 0.0 0.0 0.0 0.0 0.0 0.0 0.0 0.0 0.0 0.0 0.0 0.0 0.0 0.0 0.0 0.0 0.0 0.0 0.0 0.0 0.0 1.3228478339363736 1.3876078686294187 0.36927854153569795 0.9356750367556314 0.9753749798003079 0.35110699603583573 0.443096782204915 0.44976498844175483 0.34490973315554097 0.007 0.023 0.34 0.007 0.023 0.34 0.007 0.023 0.34 0.007 0.023 0.34 0.007 0.023 0.34 0.007 0.023 0.34 0.3842822899163491 0.6075897649147524 0.47309060713457823 0.298522836621484 0.5116974777863046 0.38330137417640875 0.1854313102209641 0.3114143399474095 0.23553415997169352 0.07205287470215138 0.08696838579153576 0.077984702287894 0.0 0.0 0.0 0.4797654948034887 0.8478722147731106 0.5845114194716401 0.4607388680050317 0.8581988907174433 0.5738373672692443 0.0 0.0 0.0 0.0 0.0 0.0 0.0 0.0 0.0 0.0 0.0 0.0 0.0 0.0 0.0 0.0 0.0 0.0 0.0 0.0 0.0 0.0 0.0 0.0 0.0 0.0 0.0 0.007 0.023 0.34 0.007 0.023 0.34 0.007 0.023 0.34 0.0016319691928286765 0.003321117618701862 0.0012491530186087743 0.001561416719678971 0.0031567157468867144 0.001199869882836198 0.0015888599003489876 0.0031910576131853373 0.001225749596140625 0.0016579437047637149 0.00330879869719118 0.0012838060726215212 0.0 0.0 0.0 0.0 0.0 0.0 0.0 0.0 0.0 0.0 0.0 0.0 0.0 0.0 0.0 0.0 0.0 0.0 0.0 0.0 0.0 0.0 0.0 0.0 0.0 0.0 0.0 0.0 0.0 0.0 0.0 0.0 0.0 0.0 0.0 0.0 0.0 0.0 0.0 0.0 0.0 0.0 0.20921021050596506 0.2059156450510375 0.19270550091847458 0.0 0.0 0.0 0.0 0.0 0.0 0.0 0.0 0.0 1.407397566713514 1.470254102897796 0.4818566367850044 0.9415687696683064 0.9771321133819898 0.41791073487572833 0.007 0.023 0.34 0.007 0.023 0.34 0.007 0.023 0.34 0.007 0.023 0.34 0.007 0.023 0.34 0.007 0.023 0.34 0.007 0.023 0.34 0.549523178418026 0.9219858984540137 0.6976498248420071 0.4136884518108197 0.7354931301623635 0.5416686367892153 0.2706457550543093 0.47911575937468204 0.3535532809859945 0.12479262739159819 0.2032522918853424 0.15599566156341035 0.0 0.0 0.0 0.007 0.023 0.34 0.39888255756523583 0.7269247058374841 0.49222798237502774 0.0 0.0 0.0 0.0 0.0 0.0 0.0 0.0 0.0 0.0 0.0 0.0 0.0 0.0 0.0 0.0 0.0 0.0 0.0 0.0 0.0 0.0 0.0 0.0 0.0 0.0 0.0 0.007 0.023 0.34 0.007 0.023 0.34 0.007 0.023 0.34 0.0007775078135626142 0.0015802785894736217 0.0005955737499228652 0.000758957260307483 0.0015378533927914095 0.0005824339702371998 0.0007885886741176559 0.0015933371813227721 0.0006062063920051848 0.0008470818131361569 0.0017069496144399808 0.000652207699655071 0.0 0.0 0.0 0.0 0.0 0.0 0.0 0.0 0.0 0.0 0.0 0.0 0.0 0.0 0.0 0.0 0.0 0.0 0.0 0.0 0.0 0.0 0.0 0.0 0.0 0.0 0.0 0.0 0.0 0.0 0.0 0.0 0.0 0.0 0.0 0.0 0.0 0.0 0.0 0.0 0.0 0.0 0.8188773790064341 0.7243269538058774 0.34521026549533157 2.785516275450318 2.3884775033553147 0.7964801740121918 0.0 0.0 0.0 0.0 0.0 0.0 1.2708624489915814 1.321300035045597 0.5281862989262847 0.7482096761184104 0.76877703420771 0.4453623846874327 0.007 0.023 0.34 0.007 0.023 0.34 0.007 0.023 0.34 0.007 0.023 0.34 0.007 0.023 0.34 0.007 0.023 0.34 0.007 0.023 0.34 0.6997493117550854 1.1310888938103085 0.8712910052528624 0.4752535817631147 0.8472332103023705 0.6231881050040832 0.3167264361404318 0.5641946800948963 0.41514337588104433 0.15507841427353403 0.2619393983340028 0.1975765177103406 0.0 0.0 0.0 0.007 0.023 0.34 0.007 0.023 0.34 0.29731984377238285 0.5384239754282462 0.3659267825799364 0.0 0.0 0.0 0.0 0.0 0.0 0.0 0.0 0.0 0.0 0.0 0.0 0.0 0.0 0.0 0.0 0.0 0.0 0.0 0.0 0.0 0.0 0.0 0.0 0.007 0.023 0.34 0.007 0.023 0.34 0.00013578183302657558 0.0002758801518398551 0.00010403098058445502 4.272582537361388e-05 8.541389153425216e-05 3.305131606338913e-05 4.1202535095328144e-05 8.182703803425125e-05 3.199569657453656e-05 7.425970444013952e-05 0.00014864344795120475 5.7401919961939826e-05 0.0001301424983142733 0.00026177277555306596 0.0001003107805254644 0.0 0.0 0.0 0.0 0.0 0.0 0.0 0.0 0.0 0.0 0.0 0.0 0.0 0.0 0.0 0.0 0.0 0.0 0.0 0.0 0.0 0.0 0.0 0.0 0.0 0.0 0.0 0.0 0.0 0.0 0.0 0.0 0.0 0.0 0.0 0.0 0.0 0.0 0.0 0.31170592147280374 0.28274739213001177 0.166633036012675 1.680459181432824 1.4391354844454882 0.4715053482654378 5.515122323146871 4.655716697678864 1.209777518116444 19.46038968070206 16.115261712206728 2.702378219605922 42.659920199738 35.475815858872316 6.669876166806519 0.8809901380035865 0.9068838346903989 0.4997143381323251 0.007 0.023 0.34 0.007 0.023 0.34 0.007 0.023 0.34 0.007 0.023 0.34 0.007 0.023 0.34 0.007 0.023 0.34 0.3398630761649552 0.2325830284236174 0.2934342413597131 0.3855661908457798 0.20116382210811698 0.30576023161970756 0.7173345354311879 1.1008034009803058 0.8698382734061215 0.4653000798514481 0.8140161034647342 0.603982778423673 0.30558430043030654 0.5370729167474714 0.3976462185118697 0.14746793712227 0.2390277740747698 0.18388084736893812 0.0 0.0 0.0 0.007 0.023 0.34 0.007 0.023 0.34 0.007 0.023 0.34 0.007 0.023 0.34 0.0 0.0 0.0 0.0 0.0 0.0 0.0 0.0 0.0 0.0 0.0 0.0 0.0 0.0 0.0 0.0 0.0 0.0 0.0 0.0 0.0 0.007 0.023 0.34 0.007 0.023 0.34 0.0 0.0 0.0 0.0 0.0 0.0 0.0 0.0 0.0 0.0 0.0 0.0 0.0 0.0 0.0 0.0 0.0 0.0 0.0 0.0 0.0 0.0 0.0 0.0 0.0 0.0 0.0 0.0 0.0 0.0 0.0 0.0 0.0 0.0 0.0 0.0 0.0 0.0 0.0 0.0 0.0 0.0 0.0 0.0 0.0 0.0 0.0 0.0 0.0 0.0 0.0 0.0 0.0 0.0 0.6924264954297855 0.5852105401639713 0.1553091641711354 2.7444540336739176 2.283795867573425 0.43670530182735234 9.382090507523207 7.721785454791083 1.06449806722085 33.378911236767834 27.26014449845464 2.725864748220816 0.8809901380035867 0.9068838346903991 0.4997143381323253 0.007 0.023 0.34 0.007 0.023 0.34 0.007 0.023 0.34 0.007 0.023 0.34 0.007 0.023 0.34 0.007 0.023 0.34 0.41565014858647986 0.2827113356901483 0.3581166713638512 0.5351655149202926 0.27789305316720736 0.42382271746486877 0.5043641583735095 0.2097803102804617 0.37687367801520816 0.42806085012014994 0.14175318483569874 0.3041521497156084 0.37866894964265035 0.5975217905537928 0.46570568014119884 0.23403546070373699 0.372960271981037 0.2892851952210669 0.0906116059721989 0.09877280302600958 0.09385727509653287 0.0065801965546897325 0.0007299668500228649 0.004048324559390123 0.006532226982374549 0.0007164799881264342 0.004015278470978762 0.007 0.023 0.34 0.007 0.023 0.34 0.007 0.023 0.34 0.007 0.023 0.34 0.007 0.023 0.34 0.0 0.0 0.0 0.0 0.0 0.0 0.0 0.0 0.0 0.0 0.0 0.0 0.0 0.0 0.0 0.007 0.023 0.34 0.007 0.023 0.34 0.0 0.0 0.0 0.0 0.0 0.0 0.0 0.0 0.0 0.0 0.0 0.0 0.0 0.0 0.0 0.0 0.0 0.0 0.0 0.0 0.0 0.0 0.0 0.0 0.0 0.0 0.0 0.0 0.0 0.0 0.0 0.0 0.0 0.0 0.0 0.0 0.0 0.0 0.0 0.0 0.0 0.0 0.0 0.0 0.0 0.0 0.0 0.0 0.0 0.0 0.0 0.0 0.0 0.0 0.0 0.0 0.0 0.0 0.0 0.0 0.0 0.0 0.0 0.007 0.023 0.34 0.007 0.023 0.34 0.007 0.023 0.34 0.007 0.023 0.34 0.007 0.023 0.34 0.007 0.023 0.34 0.007 0.023 0.34 0.007 0.023 0.34 0.6120661921073224 0.3561837949019205 0.5013249890640173 0.681292040518921 0.33916036721076187 0.5332237344722527 0.6015403989541055 0.23512134709752489 0.4429609614322176 0.48351401627227675 0.13565951085872063 0.3329689735720207 0.3888696158486539 0.08857366733326918 0.25890704331213993 0.30502688409772827 0.06953892475718496 0.2031120192832832 0.2257706882184517 0.06325711142190064 0.15543779622637724 0.15387355495919786 0.06653379059166882 0.11607450865819359 0.09294959188709832 0.08082873722022357 0.0877039085482585 0.00383976911981385 0.00042029906597730295 0.002359885268216026 0.007 0.023 0.34 0.007 0.023 0.34 0.007 0.023 0.34 0.007 0.023 0.34 0.007 0.023 0.34 0.007 0.023 0.34 0.007 0.023 0.34 0.007 0.023 0.34 0.007 0.023 0.34 0.007 0.023 0.34 0.007 0.023 0.34 0.0 0.0 0.0 0.0 0.0 0.0 0.0 0.0 0.0 0.0 0.0 0.0 0.0 0.0 0.0 0.0 0.0 0.0 0.0 0.0 0.0 0.0 0.0 0.0 0.0 0.0 0.0 0.0 0.0 0.0 0.0 0.0 0.0 0.0 0.0 0.0 0.0 0.0 0.0 0.0 0.0 0.0 0.0 0.0 0.0 0.0 0.0 0.0 0.0 0.0 0.0 0.0 0.0 0.0 0.0 0.0 0.0 2.871777586043615 2.346065877462517 0.23813160280871043 0.007 0.023 0.34 0.007 0.023 0.34 0.007 0.023 0.34 0.007 0.023 0.34 0.007 0.023 0.34 0.007 0.023 0.34 0.007 0.023 0.34 0.007 0.023 0.34 0.4286145605289741 0.30720590152270355 0.37607112219532324 0.7153897565850986 0.40464935038532107 0.580907014542059 0.7886837390890548 0.40343675332936046 0.6219559174890821 0.6613214463303076 0.2588302496761326 0.4871306468903457 0.5065956537464288 0.12840678247402057 0.3429224544967071 0.4053644166298379 0.07958404616402424 0.26437265421361406 0.3189089233515659 0.06192330700333907 0.2076902673203604 0.2366154100546415 0.05569451042857101 0.15831616673394805 0.16166078684647023 0.057985738760483414 0.11679212969769973 0.09867821829452729 0.07063592095367305 0.08654202691309562 0.0011815862631735555 0.00012934544720845639 0.0007261957590830924 0.007 0.023 0.34 0.007 0.023 0.34 0.007 0.023 0.34 0.007 0.023 0.34 0.007 0.023 0.34 0.007 0.023 0.34 0.007 0.023 0.34 0.007 0.023 0.34 0.007 0.023 0.34 0.007 0.023 0.34 0.007 0.023 0.34 0.003949583623815109 0.01146858344886047 0.009096232354071414 0.0 0.0 0.0 0.0 0.0 0.0 0.0 0.0 0.0 0.0 0.0 0.0 0.0 0.0 0.0 0.0 0.0 0.0 0.0 0.0 0.0 0.0 0.0 0.0 0.0 0.0 0.0 0.0 0.0 0.0 0.0 0.0 0.0 0.0 0.0 0.0 0.0 0.0 0.0 0.0 0.0 0.0 0.0 0.0 0.0 0.0 0.0 0.0 0.0 0.0 0.0 0.007 0.023 0.34 0.007 0.023 0.34 0.007 0.023 0.34 0.007 0.023 0.34 0.007 0.023 0.34 0.007 0.023 0.34 0.007 0.023 0.34 0.007 0.023 0.34 0.007 0.023 0.34 0.007 0.023 0.34 0.47807464345332074 0.319683300703711 0.4095257786650321 0.7045173112284735 0.3849169809228385 0.5662001567167738 0.7557205366381737 0.3671121590097907 0.5875379663587139 0.6285230090691101 0.22548609713598827 0.45409603407674715 0.4905911408761839 0.1130973175402978 0.3272187456110422 0.39743784739961285 0.0726246217710676 0.2568646475104169 0.31387236847685956 0.05751224463029547 0.2029244141151913 0.23297055797540905 0.05197539002193176 0.15463917268631577 0.1589435527437886 0.05426756444678594 0.11364170705077707 0.096884338042948 0.06660108139641746 0.08377830062211693 0.0 0.0 0.0 0.007 0.023 0.34 0.007 0.023 0.34 0.007 0.023 0.34 0.007 0.023 0.34 0.007 0.023 0.34 0.007 0.023 0.34 0.007 0.023 0.34 0.007 0.023 0.34 0.007 0.023 0.34 0.007 0.023 0.34 0.003232033988321029 0.009385352799340304 0.0074438934353856555 0.0032547954467671554 0.00944438897418675 0.0074914844226848425 0.0 0.0 0.0 0.0 0.0 0.0 0.0 0.0 0.0 0.0 0.0 0.0 0.0 0.0 0.0 0.0 0.0 0.0 0.0 0.0 0.0 0.0 0.0 0.0 0.0 0.0 0.0 0.0 0.0 0.0 0.0 0.0 0.0 0.0 0.0 0.0 0.0 0.0 0.0 0.5474554367465138 1.0011573960445466 0.8580079925476347 0.007 0.023 0.34 0.007 0.023 0.34 0.007 0.023 0.34 0.007 0.023 0.34 0.007 0.023 0.34 0.007 0.023 0.34 2.1407978113328863 6.056467119552994 3.678113702200631 4.072009529603976 12.01461085839297 7.190323737584131 0.005215836970829182 0.014925866632690753 0.009028054429703992 0.005190334108299667 0.014973493033437257 0.009031262566411739 0.005181870168598564 0.015170442337302692 0.009103445131477164 0.007 0.023 0.34 0.007 0.023 0.34 0.4071708658731461 0.28178221321339786 0.3529049593662076 0.5981799556784841 0.3087251507047486 0.47290923100364113 0.6176437428399519 0.26042792736664017 0.4630472970365487 0.5373523423069334 0.16491505734737777 0.37616832400380673 0.4464188067246415 0.09702295573481284 0.29520669796088883 0.36831466737064655 0.06797744044136217 0.2383342302945437 0.29153987632447936 0.05560058451325146 0.18942968310400876 0.2158787944417465 0.051327727406239435 0.1446641140862863 0.14647487054049496 0.05466190970956503 0.10673990694617086 0.08852201388527287 0.068107652331721 0.07968705304978166 0.0 0.0 0.0 0.007 0.023 0.34 0.007 0.023 0.34 0.007 0.023 0.34 0.007 0.023 0.34 0.007 0.023 0.34 0.007 0.023 0.34 0.007 0.023 0.34 0.007 0.023 0.34 0.007 0.023 0.34 0.0025708652872748795 0.007465968588041729 0.005921494064183137 0.0025919050336063267 0.007524675304687867 0.005968316317424211 0.0 0.0 0.0 0.0 0.0 0.0 0.0 0.0 0.0 0.0 0.0 0.0 0.0 0.0 0.0 0.0 0.0 0.0 0.0 0.0 0.0 0.0 0.0 0.0 0.0 0.0 0.0 0.0 0.0 0.0 0.0 0.0 0.0 0.0 0.0 0.0 0.0 0.0 0.0 0.4160913495589918 1.0330961866022328 0.8384224088779666 0.583978480628156 1.1759985867276532 0.9892078460012026 0.6763826307301131 1.1564503765558232 1.0049821934353818 0.007 0.023 0.34 0.007 0.023 0.34 0.007 0.023 0.34 0.5076562072568248 1.4966416050839948 0.8959379665780598 0.9779298745788718 2.8870592381828377 1.7274658229362407 1.4448310959234485 4.2351039806604325 2.540309418507686 1.9580639607403318 5.492436782507455 3.345680502246356 0.004340652967446639 0.012301906361328363 0.007466290091078621 0.004330847294788278 0.012326401015834267 0.007469950938154422 0.004316820394525265 0.012386449248670401 0.0074850063914477715 0.004313202447044706 0.012512986820319663 0.007532488302533504 0.0043637685069104 0.012812058667119765 0.007680619265141332 0.007 0.023 0.34 0.4666524399000661 0.24295348382996892 0.36983963923348295 0.486176876757915 0.19163893590109873 0.3587062642085141 0.4439258460107686 0.13027659297265579 0.3081842084678272 0.3844618751295502 0.08808208075562854 0.25619414219773373 0.3207702420632058 0.06652653819758178 0.2107382354079601 0.2535683994189647 0.05654071551791762 0.16829843561397742 0.1864669833902356 0.0540898960839382 0.1291766106886681 0.12495098655748087 0.05951430774537057 0.09663119350428968 0.0 0.0 0.0 0.0 0.0 0.0 0.007 0.023 0.34 0.007 0.023 0.34 0.0 0.0 0.0 0.0 0.0 0.0 0.0 0.0 0.0 0.007 0.023 0.34 0.007 0.023 0.34 0.007 0.023 0.34 0.007 0.023 0.34 0.0019676855307375106 0.005713920289776257 0.004531930086459718 0.0020088352951248673 0.005831798344268967 0.004625599277105084 0.0 0.0 0.0 0.0 0.0 0.0 0.0 0.0 0.0 0.0 0.0 0.0 0.0 0.0 0.0 0.0 0.0 0.0 0.0 0.0 0.0 0.0 0.0 0.0 0.0 0.0 0.0 0.0 0.0 0.0 0.0 0.0 0.0 0.2793842148157245 0.8097557314191877 0.6424159951063771 0.3245943670298045 0.9331569172633181 0.7411468007734714 0.3833998947233159 1.046383525439467 0.8372027861451692 0.5252298482218377 1.1949396104929164 0.9836366812891472 0.706119016352329 1.3052590820813947 1.1162218931018404 0.6560018925127792 1.0671394713016538 0.9374197335913494 0.007 0.023 0.34 0.0 0.0 0.0 0.0 0.0 0.0 0.44529871888326883 1.2919360532739708 0.7776937516375444 0.6198557215052258 1.6980649506891035 1.0431673066344833 0.815935851799245 2.067042997851225 1.3071282241393318 0.0034838651513553857 0.009951268980356752 0.006023007733725831 0.0034842231451883646 0.009975357015082741 0.0060326822877900775 0.0034869017385493594 0.0100277702989215 0.006054887026997544 0.0034965506165304597 0.01011885535307366 0.00609650824938895 0.0035229366327428715 0.010271569215526225 0.006172491356212765 0.0035915691748457717 0.010551265475747897 0.006323988814198235 0.3256285841336982 0.2046108770110949 0.27325434259670933 0.3700927285476562 0.1638950313041947 0.28085415134623054 0.3518229310635138 0.11908472745556807 0.2510981100396099 0.3115406596427199 0.08770483768754012 0.21466862593418012 0.26103379732925874 0.0700805801279418 0.17839275117363454 0.20517175373311033 0.062142838005245435 0.14327146527767262 0.1489010761635776 0.062006825446404526 0.11129483999000474 0.09743864359383755 0.0705001651565058 0.08578016476572349 0.0 0.0 0.0 0.0 0.0 0.0 0.0 0.0 0.0 0.0126577786554814 0.01736066428479826 0.007630854827553616 0.0 0.0 0.0 0.0 0.0 0.0 0.0 0.0 0.0 0.0 0.0 0.0 0.0 0.0 0.0 0.0 0.0 0.0 0.007 0.023 0.34 0.001415015589868274 0.004109038452020299 0.003259036026814159 0.0014624756318458285 0.0042461401395409975 0.0033678545036830076 0.0 0.0 0.0 0.0 0.0 0.0 0.0 0.0 0.0 0.0 0.0 0.0 0.0 0.0 0.0 0.0 0.0 0.0 0.0 0.0 0.0 0.0 0.0 0.0 0.14510811427446618 0.42135358779934917 0.3341942226183127 0.1836239014718407 0.5332215394941856 0.42291852598228213 0.2263428058048035 0.6572604360122677 0.5212998115178502 0.2713562213388947 0.7878183521252715 0.6248672243293936 0.3151382252732473 0.9135299129692647 0.7247288478741802 0.35685748394585587 1.0198520198836016 0.8106678398372104 0.4300475293205428 1.1197308203504748 0.9021259595174439 0.5872472705081044 1.2395422588668747 1.0337339378447357 0.6635354509873267 1.1901003934377727 1.023961685262937 0.0 0.0 0.0 0.0 0.0 0.0 0.092123957402181 0.2664791611353398 0.16057688441309523 0.15758084563048458 0.42934657683904004 0.2642777457755362 0.23377019290130524 0.5849329546968929 0.3716388563392688 0.30904790606224963 0.7166615378282726 0.46907952878706527 0.0027102398501769797 0.007820960413886711 0.0047167402254466384 0.002714720009966449 0.00784364116166856 0.004728366048197248 0.002724583374396884 0.007891210718139023 0.00475303309589214 0.0027419098096011364 0.007968824652276812 0.004794028774547729 0.0027707541447256454 0.008086779567619834 0.004857858472385781 0.0028195632251927145 0.00826731573871543 0.004958384420070388 0.0029124737456211343 0.008577224578937285 0.005136489817555902 0.2483992755445715 0.15789433681689624 0.20923039989886616 0.2568872699459079 0.12326255240724453 0.19905694578853744 0.23285733567558212 0.09676785926841013 0.17396030913738633 0.19542379578322416 0.08128660393035747 0.14602731491617632 0.15179934312367396 0.0752122745238435 0.11865386611183709 0.10722579928294304 0.07781055558239246 0.09449542192683233 0.0 0.0 0.0 0.0 0.0 0.0 0.0 0.0 0.0 0.0 0.0 0.0 0.0114003764426583 0.015635749022011054 0.006873178246177168 0.0 0.0 0.0 0.0 0.0 0.0 0.0 0.0 0.0 0.0 0.0 0.0 0.0 0.0 0.0 0.0 0.0 0.0 0.0 0.0 0.0 0.0008948941643490036 0.002598758252405471 0.0020611649649035484 0.0 0.0 0.0 0.0 0.0 0.0 0.0 0.0 0.0 0.0 0.0 0.0 0.0 0.0 0.0 0.0 0.0 0.0 0.0 0.0 0.0 0.0 0.0 0.0 0.0 0.0 0.0 0.13519166307130245 0.3925942041991893 0.3113800514587955 0.17111942925794335 0.496941925227654 0.3941403062615326 0.21105810300197858 0.6129278854986744 0.4861322689735835 0.2534628699361842 0.7360521566597247 0.5837883916203159 0.2951334170181912 0.8568219871608639 0.6796012762532889 0.3315886133624818 0.9596084861125127 0.7614593083847645 0.36732063567512746 1.0318441737081374 0.8221775718132239 0.4411151365208531 1.0899983415054664 0.8852664865308332 0.0 0.0 0.0 0.0 0.0 0.0 0.0 0.0 0.0 0.0 0.0 0.0 0.0 0.0 0.0 0.03991982901878819 0.059726293678395735 0.04769596905165674 0.07022258688823334 0.11301141919517649 0.08702174603046425 0.0020160633446578906 0.005868394564210622 0.0035285123117532063 0.0020217648437169103 0.005888750275104559 0.0035399671446483256 0.002033673371481509 0.0059308361491572995 0.0035637234844576207 0.0020529374039077726 0.005997787526149529 0.003601709862113765 0.0020817241507494815 0.006095565715201065 0.0036575830741532368 0.002124207569113663 0.0062357892816531195 0.0037384398767344716 0.0021898378518412924 0.006445216261662019 0.0038605256286000905 0.0023142438399662547 0.006827067842596066 0.004086006342322649 0.0 0.0 0.0 0.1445213576090223 0.11584831467673742 0.1321121911172581 0.12416377423988934 0.10264590336854884 0.11485123483410159 0.0 0.0 0.0 0.0 0.0 0.0 0.0 0.0 0.0 0.0 0.0 0.0 0.0 0.0 0.0 0.010114469121704052 0.013872219629086259 0.0060978021104522205 0.01003774651788602 0.013766725186357952 0.006051833782623748 0.0 0.0 0.0 0.0 0.0 0.0 0.0 0.0 0.0 0.0 0.0 0.0 0.0 0.0 0.0 0.0 0.0 0.0 0.0 0.0 0.0 0.00040077302219886264 0.0011638727046793063 0.0009231039310007218 0.0 0.0 0.0 0.0 0.0 0.0 0.0 0.0 0.0 0.0 0.0 0.0 0.0 0.0 0.0 0.0 0.0 0.0 0.0 0.0 0.0 0.0 0.0 0.0 0.0 0.0 0.0 0.0 0.0 0.0 0.15459664367956968 0.44896373370050985 0.35608674147676905 0.19060107122431394 0.5535259398847997 0.43901799607224823 0.2288476638958641 0.6645930265389407 0.5271091839842136 0.2666865411119342 0.7744205742875259 0.6142232850877604 0.29975869701928043 0.8696854753298525 0.6898654928940198 0.3245943670298045 0.9331569172633177 0.7411468007734713 0.0 0.0 0.0 0.0 0.0 0.0 0.0 0.0 0.0 0.0 0.0 0.0 0.0 0.0 0.0 0.0 0.0 0.0 0.0 0.0 0.0 0.001390825876788192 0.004074741848627228 0.002444547820211807 0.0013851834893689905 0.004056968806439368 0.0024341428630057903 0.001390825876788192 0.004074741848627228 0.002444547820211807 0.0014024443016230103 0.004111252830343842 0.002465939216216172 0.0014207885365185534 0.004168670082119403 0.0024996237582279716 0.0014472419497554318 0.004250996094965508 0.002548013098245755 0.001484352194423437 0.004365612841030733 0.0026155528728011228 0.0015373405944533092 0.004527697331921125 0.0027113730701330153 0.0016203803748967725 0.004778673063677058 0.0028603455395445378 0.007 0.023 0.34 0.007 0.023 0.34 0.007 0.023 0.34 0.007 0.023 0.34 0.0 0.0 0.0 0.0 0.0 0.0 0.0 0.0 0.0 0.008759378096770154 0.01201382249423599 0.005280695990128423 0.0087353472305472 0.011980775954242509 0.005266301995578337 0.00865202468082675 0.011866388503183486 0.005216184780850008 0.0 0.0 0.0 0.0 0.0 0.0 0.0 0.0 0.0 0.0 0.0 0.0 0.0 0.0 0.0 0.0 0.0 0.0 0.0 0.0 0.0 0.012948938528688444 0.01642874730271421 0.007977783635074244 0.0 0.0 0.0 0.0 0.0 0.0 0.0 0.0 0.0 0.0 0.0 0.0 0.0 0.0 0.0 0.0 0.0 0.0 0.0 0.0 0.0 0.0 0.0 0.0 0.0 0.0 0.0 0.0 0.0 0.0 0.13575621587080214 0.3942489051366994 0.31269079519603055 0.1672783676783782 0.4857943975981128 0.3852980723061531 0.20059093882148504 0.582534968392224 0.46202620954346046 0.233512579618744 0.6781126563984033 0.5378350259377376 0.0 0.0 0.0 0.0 0.0 0.0 0.0 0.0 0.0 0.0 0.0 0.0 0.0 0.0 0.0 0.0 0.0 0.0 0.0 0.0 0.0 0.0 0.0 0.0 0.0 0.0 0.0 0.0008072287230521835 0.0023735053207457712 0.0014221585635455644 0.0008021320536943216 0.002358192401293822 0.0014130509314688258 0.0008072287230521835 0.0023735053207457712 0.0014221585635455644 0.0008176705485857882 0.0024048656711651607 0.0014408131308071078 0.0008340106431438135 0.0024539073521230364 0.0014699920696269655 0.0008572514086435247 0.0025235887285027228 0.0015114657050315776 0.000889182099287839 0.0026191853334913413 0.0015683920258284835 0.00093326255555497 0.0027508915401410526 0.0016468748914690416 0.0009976921504307806 0.0029428666093379244 0.00176137962524139 0.0011184908066105383 0.0033013609297326157 0.0019754990633934336 0.007 0.023 0.34 0.007 0.023 0.34 0.007 0.023 0.34 0.0 0.0 0.0 0.0 0.0 0.0 0.0 0.0 0.0 0.007386447756081979 0.010130812710336513 0.004452990583517052 0.007355145626834127 0.010087861438510608 0.004434140246002236 0.007271811517427132 0.009973542895623265 0.004383925459333231 0.0 0.0 0.0 0.0 0.0 0.0 0.0 0.0 0.0 0.0 0.0 0.0 0.0 0.0 0.0 0.0 0.0 0.0 0.0 0.0 0.0 0.0 0.0 0.0 0.0 0.0 0.0 0.0 0.0 0.0 0.0 0.0 0.0 0.0 0.0 0.0 0.0 0.0 0.0 0.0 0.0 0.0 0.0 0.0 0.0 0.0 0.0 0.0 0.0 0.0 0.0 0.0 0.0 0.0 0.11595694657867933 0.33674553240425575 0.2670836018964872 0.1429063007871265 0.4150118279886188 0.3291586745938826 0.17111942925794335 0.496941925227654 0.3941403062615326 0.0 0.0 0.0 0.0 0.0 0.0 0.0 0.0 0.0 0.0 0.0 0.0 0.0 0.0 0.0 0.0 0.0 0.0 0.0 0.0 0.0 0.0 0.0 0.0 0.0 0.0 0.0 0.0 0.0 0.0 0.00025952770625587075 0.000764154952381553 0.0004576474715806069 0.0002550903642332805 0.0007510191715218774 0.00044979506888833233 0.00025952770625587075 0.000764154952381553 0.0004576474715806069 0.00026860145177677017 0.0007910159355068341 0.00047370459615408674 0.000282751670362389 0.000832904839617692 0.0004987451935467753 0.0003027659566104827 0.0008921522114813783 0.0005341626308827326 0.000330021264725541 0.0009728304501172113 0.0005823921106046476 0.00036708749625797676 0.0010825358006681105 0.0006479769077195476 0.0004196378648629671 0.0012380285213286304 0.0007409430778647867 0.0005069823033116091 0.0014963356764156987 0.0008954085319932846 0.007 0.023 0.34 0.007 0.023 0.34 0.06887316649389447 0.07813762308123358 0.05897037037200312 0.0 0.0 0.0 0.0 0.0 0.0 0.005993829380330558 0.008220785154477835 0.003613431912227883 0.0060210594990887665 0.008258132243521342 0.003629847981272319 0.005988826076502367 0.008213921754050776 0.003610416869363727 0.005908933127952811 0.008104343773808833 0.0035622543103896727 0.005787997333010501 0.007938474850816724 0.0034893476256278827 0.0 0.0 0.0 0.0 0.0 0.0 0.0 0.0 0.0 0.0 0.0 0.0 0.0 0.0 0.0 0.0 0.0 0.0 0.0 0.0 0.0 0.0 0.0 0.0 0.0 0.0 0.0 0.0 0.0 0.0 0.0 0.0 0.0 0.0 0.0 0.0 0.0 0.0 0.0 0.0 0.0 0.0 0.0 0.0 0.0 0.0 0.0 0.0 0.0 0.0 0.0 0.09620442330552158 0.2793686295372892 0.22157772445803803 0.11879257113294293 0.34497093583160165 0.2736084536403982 0.0 0.0 0.0 0.0 0.0 0.0 0.0 0.0 0.0 0.0 0.0 0.0 0.0 0.0 0.0 0.0 0.0 0.0 0.0 0.0 0.0 0.0 0.0 0.0 0.0 0.0 0.0 0.0 0.0 0.0 0.0 0.0 0.0 0.0 0.0 0.0 0.0 0.0 0.0 0.0 0.0 0.0 0.0 0.0 0.0 0.0 0.0 0.0 0.0 0.0 0.0 0.0 0.0 0.0 0.0 0.0 0.0 0.0 0.0 0.0 0.0 0.0 0.0 0.007 0.023 0.34 0.007 0.023 0.34 0.07482693833383622 0.08639896178789377 0.06245757938623385 0.0 0.0 0.0 0.0 0.0 0.0 0.0046463450947341126 0.006372654555791667 0.0028010894691092194 0.004672165934318632 0.0064080690175401436 0.002816655666830561 0.00464269663812875 0.00636765065835077 0.0027988898459160552 0.00456825233276412 0.006265547211240136 0.0027540104523230977 0.004454746603256839 0.006109869403736646 0.002685582541087823 0.0 0.0 0.0 0.0 0.0 0.0 0.0 0.0 0.0 0.0 0.0 0.0 0.0 0.0 0.0 0.0 0.0 0.0 0.0 0.0 0.0 0.0 0.0 0.0 0.0 0.0 0.0 0.0 0.0 0.0 0.0 0.0 0.0 0.0 0.0 0.0 0.0 0.0 0.0 0.0 0.0 0.0 0.0 0.0 0.0 0.0 0.0 0.0 0.0 0.0 0.0 0.07719356088710178 0.2241199601251163 0.17776259715182813 0.0 0.0 0.0 0.0 0.0 0.0 0.0 0.0 0.0 0.0 0.0 0.0 0.0 0.0 0.0 0.0 0.0 0.0 0.0 0.0 0.0 0.0 0.0 0.0 0.0 0.0 0.0 0.0 0.0 0.0 0.0 0.0 0.0 0.0 0.0 0.0 0.0 0.0 0.0 0.0 0.0 0.0 0.0 0.0 0.0 0.0 0.0 0.0 0.0 0.0 0.0 0.0 0.0 0.0 0.0 0.0 0.0 0.0 0.0 0.0 0.0 0.0 0.0 0.0 0.0 0.0 0.007 0.023 0.34 0.007 0.023 0.34 0.07385191275952482 0.0859186772886501 0.06095372409014294 0.09042734399110332 0.10844315972842564 0.07117020262135726 0.0 0.0 0.0 0.0033144697007024744 0.004545923561592611 0.001998166212964561 0.0033432909422289464 0.004585459134277501 0.002015534884548696 0.0033190816037586674 0.004552256653566615 0.0020009383337540178 0.003251428939119596 0.0044594686517452015 0.001960152881155411 0.0031458924699106472 0.004314720988547473 0.0018965293353981698 0.0 0.0 0.0 0.0 0.0 0.0 0.0 0.0 0.0 0.0 0.0 0.0 0.0 0.0 0.0 0.0 0.0 0.0 0.0 0.0 0.0 0.0 0.0 0.0 0.0 0.0 0.0 0.0 0.0 0.0 0.0 0.0 0.0 0.0 0.0 0.0 0.0 0.0 0.0 0.0 0.0 0.0 0.0 0.0 0.0 0.0 0.0 0.0 0.0449414471384477 0.13030338822901247 0.10337048503556165 0.0 0.0 0.0 0.0 0.0 0.0 0.0 0.0 0.0 0.0 0.0 0.0 0.0 0.0 0.0 0.0 0.0 0.0 0.0 0.0 0.0 0.0 0.0 0.0 0.0 0.0 0.0 0.0 0.0 0.0 0.0 0.0 0.0 0.0 0.0 0.0 0.0 0.0 0.0 0.0 0.0 0.0 0.0 0.0 0.0 0.0 0.0 0.0 0.0 0.0 0.0 0.0 0.0 0.0 0.0 0.0 0.0 0.0 0.0 0.0 0.0 0.0 0.0 0.0 0.0 0.0 0.0 0.0 0.0 0.007 0.023 0.34 0.007 0.023 0.34 0.0690043294954944 0.08037801827267249 0.05684697087953831 0.08332220511704914 0.10044050585690806 0.0650244193179651 0.09097060409617125 0.111730847534397 0.06877993848384212 0.09634742839885882 0.12023536514234345 0.07081356517512191 0.0020351058683119086 0.002791169815946981 0.001226947606900824 0.0 0.0 0.0 0.0 0.0 0.0 0.0018611927946631324 0.0025526602959873427 0.0011220818035354843 0.0 0.0 0.0 0.0 0.0 0.0 0.0 0.0 0.0 0.0 0.0 0.0 0.0 0.0 0.0 0.03962453550817825 0.05065215124671388 0.027837095053384827 0.0 0.0 0.0 0.0 0.0 0.0 0.0 0.0 0.0 0.0 0.0 0.0 0.0 0.0 0.0 0.0 0.0 0.0 0.0 0.0 0.0 0.0 0.0 0.0 0.0 0.0 0.0 0.020291529067184698 0.05827399096835023 0.04628998549279883 0.0 0.0 0.0 0.0 0.0 0.0 0.0 0.0 0.0 0.0 0.0 0.0 0.0 0.0 0.0 0.0 0.0 0.0 0.0 0.0 0.0 0.0 0.0 0.0 0.0 0.0 0.0 0.0 0.0 0.0 0.0 0.0 0.0 0.0 0.0 0.0 0.0 0.0 0.0 0.0 0.0 0.0 0.0 0.0 0.0 0.0 0.0 0.0 0.0 0.0 0.0 0.0 0.0 0.0 0.0 0.0 0.0 0.0 0.0 0.0 0.0 0.0 0.0 0.0 0.0 0.0 0.0 0.0 0.0 0.0 0.0 0.0 0.007 0.023 0.34 0.007 0.023 0.34 0.061455290376029786 0.07108140019076106 0.05116592239815038 0.07487454866364386 0.09033454341704832 0.0583493294405652 0.08123782978134853 0.10030400561424334 0.06085795641075965 0.08442518925443744 0.10610766647552622 0.0612487461124371 0.08391439012837504 0.10701012619940024 0.05922731178327982 0.08032555361234422 0.10373631133639746 0.055301747994093944 0.0761235368096964 0.09943326657685213 0.05120772017604932 0.0712976227826735 0.0939068834684842 0.04713053894698977 0.06616232000496829 0.08755603745605278 0.04329453275698604 0.0607622906058719 0.08050289075200985 0.03966152374188369 0.05509372770034085 0.07281422681554932 0.03615225085690879 0.04920126104537647 0.06459717101007746 0.03274454218074431 0.04318292987673577 0.05600212176375459 0.029480470103969793 0.03716450906572881 0.04719363722734276 0.02644435397314534 0.0 0.0 0.0 0.0 0.0 0.0 0.0 0.0 0.0 0.0 0.0 0.0 0.0 0.0 0.0 0.0 0.0 0.0 0.0 0.0 0.0 0.0 0.0 0.0 0.0017515676468742548 0.003358787340380443 0.002851686730169571 0.0 0.0 0.0 0.0 0.0 0.0 0.0 0.0 0.0 0.0 0.0 0.0 0.0 0.0 0.0 0.0 0.0 0.0 0.0 0.0 0.0 0.0 0.0 0.0 0.0 0.0 0.0 0.0 0.0 0.0 0.0 0.0 0.0 0.0 0.0 0.0 0.0 0.0 0.0 0.0 0.0 0.0 0.0 0.0 0.0 0.0 0.0 0.0 0.0 0.0 0.0 0.0 0.0 0.0 0.0 0.0 0.0 0.0 0.0 0.0 0.0 0.0 0.0 0.0 0.0 0.0 0.0 0.0 0.0 0.0 0.0 0.0 0.0 0.0 0.0 0.007 0.023 0.34 0.007 0.023 0.34 0.0509673671655672 0.05758175179334915 0.04389723824616454 0.06572256735296707 0.07880586330167132 0.05173780622197481 0.07170862201808066 0.08846906968132418 0.053793346086240895 0.07402880037477289 0.09316953007030795 0.053569236231728434 0.07387084090591423 0.09443759549781947 0.0518869959072831 0.07195870432005991 0.09316446187333954 0.04929182778168116 0.06888922409854131 0.0900605551100953 0.04625914615926839 0.06507708828809389 0.08563282511148335 0.043105020204201525 0.06073255864927141 0.08017300114935769 0.03995263089173858 0.055948313183553304 0.07384771164013042 0.036815610477361475 0.050796172503374704 0.0667956067325272 0.03369434534888932 0.04537216314945545 0.05917144042877279 0.03062208814632185 0.03979945426407021 0.051146971023010274 0.02767007097060241 0.03421192377083765 0.04289079814607436 0.02493505764326255 0.0 0.0 0.0 0.0 0.0 0.0 0.0 0.0 0.0 0.0 0.0 0.0 0.0 0.0 0.0 0.0 0.0 0.0 0.0 0.0 0.0 0.0 0.0 0.0 0.0 0.0 0.0 0.0 0.0 0.0 0.0 0.0 0.0 0.0 0.0 0.0 0.0 0.0 0.0 0.0 0.0 0.0 0.0 0.0 0.0 0.0 0.0 0.0 0.0 0.0 0.0 0.0 0.0 0.0 0.0 0.0 0.0 0.0 0.0 0.0 0.0 0.0 0.0 0.0 0.0 0.0 0.0 0.0 0.0 0.0 0.0 0.0 0.0 0.0 0.0 0.0 0.0 0.0 0.0 0.0 0.0 0.0 0.0 0.0 0.0 0.0 0.0 0.0 0.0 0.0 0.0 0.0 0.0 0.0 0.0 0.0 0.0 0.0 0.0 0.007 0.023 0.34 0.007 0.023 0.34 0.007 0.023 0.34 0.007 0.023 0.34 0.055798550912373554 0.06574271542720507 0.04516921363127496 0.06232565167223246 0.07620113426025356 0.04749412066265262 0.06492672832632265 0.0812775908823734 0.047449258732378236 0.06525703874326666 0.08310461367266893 0.046179730308621325 0.06404466062792065 0.08260733583551261 0.044202980079826384 0.06174376111400953 0.0803617567760507 0.041842948421831436 0.058643229618565794 0.07675017016947072 0.039288684753855205 0.054915216069468385 0.07202441804440388 0.03662715595835621 0.050674195243942934 0.06636982811544456 0.03389710196650782 0.04602566172441584 0.059955004696143635 0.03113655924328062 0.041088250577472854 0.05295322860666435 0.02840575190028383 0.035993729640279394 0.04554030571011122 0.025789375440933526 0.030873076011999803 0.0378762017997182 0.023387420891492254 0.0 0.0 0.0 0.0 0.0 0.0 0.0 0.0 0.0 0.0 0.0 0.0 0.0 0.0 0.0 0.0 0.0 0.0 0.0 0.0 0.0 0.0 0.0 0.0 0.0 0.0 0.0 0.0 0.0 0.0 0.0 0.0 0.0 0.0 0.0 0.0 0.0 0.0 0.0 0.0 0.0 0.0 0.0 0.0 0.0 0.0 0.0 0.0 0.0 0.0 0.0 0.0 0.0 0.0 0.0 0.0 0.0 0.0 0.0 0.0 0.0 0.0 0.0 0.0 0.0 0.0 0.0 0.0 0.0 0.0 0.0 0.0 0.0 0.0 0.0 0.0 0.0 0.0 0.0 0.0 0.0 0.0 0.0 0.0 0.0 0.0 0.0 0.0 0.0 0.0 0.0 0.0 0.0 0.0 0.0 0.0 0.0 0.0 0.0 0.007 0.023 0.34 0.007 0.023 0.34 0.007 0.023 0.34 0.007 0.023 0.34 0.04382710921399161 0.04950007388037206 0.03776326596876205 0.05268578845987566 0.06306340163181201 0.04159313704479078 0.055997165894571266 0.06906973863215501 0.04202386682533053 0.05688732389448184 0.07158566734614119 0.041176235266765046 0.05625496031285029 0.07177990542823827 0.039660315518319875 0.05454044757236692 0.07023518334351876 0.03776431320728474 0.052000331277633864 0.06730732331477064 0.03563865696310007 0.04879976012303418 0.06324148171526002 0.03336297511263518 0.04506534543640877 0.05823293604394999 0.030990481576480683 0.040916870124493576 0.05246107870285806 0.028577242552989462 0.03647999152442755 0.0461017521513477 0.02619527240207284 0.031883868531726284 0.039322389102753416 0.023932819059051997 0.02724569188861841 0.0322604837038884 0.021885370916505005 0.0 0.0 0.0 0.0 0.0 0.0 0.0 0.0 0.0 0.0 0.0 0.0 0.0 0.0 0.0 0.0 0.0 0.0 0.0 0.0 0.0 0.0 0.0 0.0 0.0 0.0 0.0 0.0 0.0 0.0 0.0 0.0 0.0 0.0 0.0 0.0 0.0 0.0 0.0 0.0 0.0 0.0 0.0 0.0 0.0 0.0 0.0 0.0 0.0 0.0 0.0 0.0 0.0 0.0 0.007 0.023 0.34 0.0 0.0 0.0 0.0 0.0 0.0 0.0 0.0 0.0 0.0 0.0 0.0 0.0 0.0 0.0 0.0 0.0 0.0 0.0 0.0 0.0 0.0 0.0 0.0 0.0 0.0 0.0 0.0 0.0 0.0 0.0 0.0 0.0 0.0 0.0 0.0 0.0 0.0 0.0 0.0 0.0 0.0 0.0 0.0 0.0 0.007 0.023 0.34 0.007 0.023 0.34 0.007 0.023 0.34 0.007 0.023 0.34 0.04174960397590348 0.04775519472435978 0.03533021604820194 0.04677086609151776 0.0560229004436637 0.0368813481215975 0.04845322644024555 0.0595699684514896 0.036570518734813616 0.04841512923221682 0.060524608705726284 0.03547128247359821 0.04723191451689047 0.05965816511413952 0.03394947047238436 0.045194896497466115 0.057377918368764234 0.03217244012318894 0.042485682918742725 0.05395019278746158 0.03023124545691834 0.03924313611140645 0.049582188038326064 0.02819170288802089 0.03559359081155261 0.04445683151769532 0.026119655145198702 0.03166090781091413 0.03874300165174349 0.024090843580953855 0.02756162320371528 0.03258722167578723 0.022189750974595027 0.023382108267846365 0.026080583034114594 0.020497703208736718 0.0 0.0 0.0 0.0 0.0 0.0 0.0 0.0 0.0 0.0 0.0 0.0 0.0 0.0 0.0 0.0 0.0 0.0 0.0 0.0 0.0 0.0 0.0 0.0 0.0 0.0 0.0 0.0 0.0 0.0 0.0 0.0 0.0 0.0 0.0 0.0 0.0 0.0 0.0 0.0 0.0 0.0 0.0 0.0 0.0 0.0 0.0 0.0 0.0 0.0 0.0 0.007 0.023 0.34 0.007 0.023 0.34 0.007 0.023 0.34 0.0 0.0 0.0 0.0 0.0 0.0 0.0 0.0 0.0 0.0 0.0 0.0 0.0 0.0 0.0 0.0 0.0 0.0 0.0 0.0 0.0 0.0 0.0 0.0 0.0 0.0 0.0 0.0 0.0 0.0 0.0 0.0 0.0 0.0 0.0 0.0 0.0 0.0 0.0 0.0 0.0 0.0 0.007 0.023 0.34 0.007 0.023 0.34 0.007 0.023 0.34 0.007 0.023 0.34 0.007 0.023 0.34 0.03610752635127305 0.04066787187143772 0.03123296393027931 0.03950388468300982 0.04649839330812444 0.03202744046479425 0.040320104232158135 0.048592199716155735 0.03147804487264917 0.03975017130719494 0.048544281443821675 0.030350129444460607 0.03824055304463321 0.046968129915907326 0.02891162872191857 0.03602957507523066 0.04420316161015023 0.027292812127843125 0.03327980533165682 0.040484388394117846 0.025578812128419802 0.03012373142550989 0.03599886382394271 0.023843790688315616 0.026676253800094783 0.030899346480344595 0.02216218161225403 0.023023861653570853 0.025286745367327494 0.02060506073917027 0.0 0.0 0.0 0.0 0.0 0.0 0.0 0.0 0.0 0.0 0.0 0.0 0.0 0.0 0.0 0.0 0.0 0.0 0.0 0.0 0.0 0.0 0.0 0.0 0.0 0.0 0.0 0.0 0.0 0.0 0.0 0.0 0.0 0.0 0.0 0.0 0.0 0.0 0.0 0.0 0.0 0.0 0.0 0.0 0.0 0.0 0.0 0.0 0.007 0.023 0.34 0.007 0.023 0.34 0.007 0.023 0.34 0.007 0.023 0.34 0.007 0.023 0.34 0.007 0.023 0.34 0.004530484570079962 0.0013856022963645094 0.0006895158037639179 0.0 0.0 0.0 0.0 0.0 0.0 0.0 0.0 0.0 0.0 0.0 0.0 0.0 0.0 0.0 0.0 0.0 0.0 0.0 0.0 0.0 0.005719894840297874 0.0017493056975921126 0.0008704577060459213 0.005597551609741182 0.001711869481783847 0.00085181476163843 0.0 0.0 0.0 0.0 0.0 0.0 0.0 0.0 0.0 0.0 0.0 0.0 0.007 0.023 0.34 0.007 0.023 0.34 0.0 0.0 0.0 0.0 0.0 0.0 0.0 0.0 0.0 0.0 0.0 0.0 0.03125601163565843 0.03501862501390818 0.02723414669203848 0.03174113789368385 0.03639883172841854 0.02676251966510889 0.030941337047942916 0.035784657726441016 0.025764301915882068 0.029307675701328383 0.0337960921801985 0.024509998376019193 0.02707336128111286 0.030758372924707428 0.02313444498642345 0.024386202410193316 0.02687426479433202 0.021726707565957765 0.021333949304203126 0.022253284382993975 0.02035127020509544 0.0 0.0 0.0 0.0 0.0 0.0 0.0 0.0 0.0 0.0 0.0 0.0 0.0 0.0 0.0 0.0 0.0 0.0 0.0 0.0 0.0 0.0 0.0 0.0 0.0 0.0 0.0 0.0 0.0 0.0 0.0 0.0 0.0 0.0 0.0 0.0 0.0 0.0 0.0 0.0 0.0 0.0 0.0 0.0 0.0 0.007 0.023 0.34 0.007 0.023 0.34 0.007 0.023 0.34 0.007 0.023 0.34 0.007 0.023 0.34 0.007 0.023 0.34 0.007 0.023 0.34 0.007 0.023 0.34 0.0029270826351538697 0.0008952383532491478 0.0004455110704435226 0.0 0.0 0.0 0.0 0.0 0.0 0.0 0.0 0.0 0.0 0.0 0.0 0.0 0.0 0.0 0.0 0.0 0.0 0.004042430887341537 0.0012362676510039537 0.0006151530416678043 0.0039643101165028 0.0012123762889870852 0.000603264786825444 0.003846423534488362 0.0011763237959196422 0.0005853254054717129 0.0 0.0 0.0 0.0 0.0 0.0 0.0 0.0 0.0 0.0 0.0 0.0 0.007 0.023 0.34 0.007 0.023 0.34 0.0 0.0 0.0 0.0 0.0 0.0 0.0 0.0 0.0 0.0 0.0 0.0 0.005657630321325721 0.0038210447719100363 0.0009905601441232337 0.0 0.0 0.0 0.021978826988999015 0.021991606901922752 0.02196516651458843 0.02135143159050853 0.021356786536978204 0.02134570767754797 0.0 0.0 0.0 0.0 0.0 0.0 0.0 0.0 0.0 0.007 0.023 0.34 0.007 0.023 0.34 0.0 0.0 0.0 0.0 0.0 0.0 0.0 0.0 0.0 0.0 0.0 0.0 0.0 0.0 0.0 0.0 0.0 0.0 0.0 0.0 0.0 0.007 0.023 0.34 0.007 0.023 0.34 0.007 0.023 0.34 0.007 0.023 0.34 0.007 0.023 0.34 0.007 0.023 0.34 0.007 0.023 0.34 0.007 0.023 0.34 0.007 0.023 0.34 0.007 0.023 0.34 0.007 0.023 0.34 0.007 0.023 0.34 0.007 0.023 0.34 0.007 0.023 0.34 0.0012463331701927335 0.00038133447096513564 0.00018987614017742754 0.0 0.0 0.0 0.0 0.0 0.0 0.0 0.0 0.0 0.0 0.0 0.0 0.0 0.0 0.0 0.0 0.0 0.0 0.002321020571372052 0.0007098210057561666 0.00035319899040035915 0.0022447633045153776 0.0006865000063068104 0.00034159487492433965 0.002129272399221868 0.0006511810572675168 0.0003240211420733752 0.0 0.0 0.0 0.0 0.0 0.0 0.0 0.0 0.0 0.0 0.0 0.0 0.007 0.023 0.34 0.0 0.0 0.0 0.0 0.0 0.0 0.0 0.0 0.0 0.0 0.0 0.0 0.0 0.0 0.0 0.0 0.0 0.0 0.007 0.023 0.34 0.007 0.023 0.34 0.007 0.023 0.34 0.007 0.023 0.34 0.007 0.023 0.34 0.007 0.023 0.34 0.007 0.023 0.34 0.007 0.023 0.34 0.0 0.0 0.0 0.0 0.0 0.0 0.0 0.0 0.0 0.0 0.0 0.0 0.0 0.0 0.0 0.0 0.0 0.0 0.007 0.023 0.34 0.007 0.023 0.34 0.007 0.023 0.34 0.007 0.023 0.34 0.007 0.023 0.34 0.007 0.023 0.34 0.007 0.023 0.34 0.007 0.023 0.34 0.007 0.023 0.34 0.007 0.023 0.34 0.007 0.023 0.34 0.007 0.023 0.34 0.007 0.023 0.34 0.007 0.023 0.34 0.007 0.023 0.34 0.0 0.0 0.0 0.0 0.0 0.0 0.0 0.0 0.0 0.0 0.0 0.0 0.0 0.0 0.0 0.0 0.0 0.0 0.0 0.0 0.0 0.000633919842544372 0.00019391575777013032 9.652549847162043e-05 0.0005586010516859075 0.00017089420946962952 8.507939273986388e-05 0.0004438036527683645 0.00013581103273995236 6.764011759496077e-05 0.0 0.0 0.0 0.0 0.0 0.0 0.0 0.0 0.0 0.0 0.0 0.0 0.007 0.023 0.34 0.0 0.0 0.0 0.0 0.0 0.0 0.0 0.0 0.0 0.0 0.0 0.0 0.0 0.0 0.0 0.0 0.0 0.0 0.007 0.023 0.34 0.007 0.023 0.34 0.007 0.023 0.34 0.007 0.023 0.34 0.007 0.023 0.34 0.007 0.023 0.34 0.007 0.023 0.34 0.007 0.023 0.34 0.0 0.0 0.0 0.0 0.0 0.0 0.0 0.0 0.0 0.0 0.0 0.0 0.0 0.0 0.0 0.007 0.023 0.34 0.007 0.023 0.34 0.007 0.023 0.34 0.007 0.023 0.34 0.007 0.023 0.34 0.007 0.023 0.34 0.007 0.023 0.34 0.007 0.023 0.34 0.007 0.023 0.34 0.007 0.023 0.34 0.007 0.023 0.34 0.007 0.023 0.34 0.007 0.023 0.34 0.007 0.023 0.34 0.007 0.023 0.34 0.007 0.023 0.34 0.0 0.0 0.0 0.0 0.0 0.0 0.0 0.0 0.0 0.0 0.0 0.0 0.0 0.0 0.0 0.0 0.0 0.0 0.0 0.0 0.0 0.0 0.0 0.0 0.0 0.0 0.0 0.0 0.0 0.0 0.0 0.0 0.0 0.0 0.0 0.0 0.0 0.0 0.0 0.0 0.0 0.0 0.007 0.023 0.34 0.007 0.023 0.34 0.0 0.0 0.0 0.0 0.0 0.0 0.0 0.0 0.0 0.0 0.0 0.0 0.0 0.0 0.0 0.007 0.023 0.34 0.007 0.023 0.34 0.007 0.023 0.34 0.007 0.023 0.34 0.007 0.023 0.34 0.007 0.023 0.34 0.007 0.023 0.34 0.007 0.023 0.34 
